VALUES		COUNTS

0000000000000000	53
0010000100000000	14
1000010000000000	11
0000000000000010	6
0000001000000000	5
0001000000000100	5
0010000110000001	5
0100000001000000	4
1101111111111111	4
0010000100000001	4
0000000100000000	3
0100000000000000	3
1000000000000000	3
1011101110111111	3
1010010100000000	3
0110000111000001	3
1111111111011111	3
0000000010000000	2
0000000000100000	2
0000000000100010	2
0000000000000100	2
0001010000000000	2
1001010000000000	2
1000010000100010	2
1000111000111000	2
1101111100111111	2
0000000001100010	2
0100101111111011	2
0101101101111011	2
1100111011111011	2
1101010001000100	2
0010000000000000	2
0010001100000000	2
0011000100000100	2
0111101110111111	2
1011011100011110	2
0110101111111011	2
1111100111111111	2
0111101111111111	2
1111101111111111	2
1110111111110011	2
1110111111111001	2
1110111111011011	2
1110111011111011	2
1111110111001111	2
1111111111111101	2
1110111111111111	2
1011111111111111	2
1111111111111111	2
0000000010000001	1
1000000010000000	1
0000000010110000	1
0000000010000010	1
0000000000100011	1
0000000100100010	1
0000000000001000	1
1000100010001010	1
0000100000111010	1
0000001100000000	1
0000001100000001	1
0000001000010000	1
0000001000000010	1
0000001100000010	1
0000001000010010	1
0000001000100010	1
0000001110100010	1
0000101010110010	1
0000101000111000	1
0000001010101010	1
0000101000111011	1
0000000000000101	1
0000000000010100	1
0001000000000110	1
0001000010100110	1
0001000100100110	1
0101000010110111	1
0000001000000100	1
0000001000010110	1
0001101000010111	1
0001101000001100	1
0001101000111100	1
0100101000011111	1
0101001010111111	1
0001101000111110	1
0000010100000000	1
1000010010000000	1
1000010000000001	1
1100010000000000	1
1100010110000000	1
1100110000000000	1
0000110100010010	1
0001010100100010	1
1000010000001000	1
1000110000101010	1
1101110000111011	1
1000011000000000	1
0100011000010000	1
1000011000000010	1
1000111110100011	1
0100011100011001	1
1000111010011001	1
1100111010011011	1
1000111100111010	1
1001111000111010	1
1001111010111011	1
0000010000000100	1
1000010000000100	1
1001010000000100	1
1001010010000100	1
1001010000010100	1
1101110100000101	1
1000010000100110	1
0101110110110111	1
1001110000001100	1
1001110100101110	1
1101110010101111	1
1001011000000100	1
1101011010010101	1
1001111000010100	1
1001111000110110	1
1001111000110111	1
0100111100011101	1
0101011110111101	1
1001011000111100	1
1101011100011110	1
0000111000011110	1
1000111000111110	1
0001111000111110	1
1001111000111110	1
1101111010111111	1
1101111110111111	1
0000000001000000	1
0100000011000000	1
1000000001000000	1
0101000001000000	1
0000100001000000	1
0000100001110000	1
0100100011011001	1
0100000011101011	1
0100100001101010	1
0100100011111010	1
0100001111000011	1
0000001001110010	1
1100001111110011	1
0100101011110011	1
0100101111110011	1
0101101011110011	1
0100101011011001	1
0100101001011011	1
0100101011011011	1
0000001111111011	1
0100101101111011	1
1100101001111011	1
0001000001000100	1
0001000001000101	1
0101000011000101	1
1101000111000101	1
0000000001100110	1
0101100101011111	1
0101100111111111	1
0100001001000100	1
0101001101010100	1
0101101001010110	1
0001101111011101	1
0101101111111101	1
0101001111011111	1
0100101011011111	1
0101001001111110	1
0101001111111111	1
1101101111101111	1
0100101011111111	1
0101101011111111	1
0101101101111111	1
1101101011111111	1
1101101101111111	1
0100010001000001	1
1000010001000000	1
1000010001000001	1
1100010001000000	1
1101010011000001	1
1000110001111010	1
1100110011111011	1
1100011111000001	1
1101111101110011	1
1000111011011001	1
1100111001011001	1
0100011111111001	1
1100111111111001	1
0100111011001010	1
1100111111011010	1
1100011011111011	1
1101011011111011	1
1100111001111010	1
1100111101111011	1
1101111011111011	1
1101111101111011	1
1101111111111011	1
0101010001000100	1
1001010001000100	1
1101110111000101	1
1101110011001101	1
1101110011111111	1
0101011001010100	1
0101011011010101	1
1101111111110111	1
1101111111011100	1
1101111011011111	1
1101111101011111	1
1100011011111111	1
1101011111111111	1
1001111011101111	1
1101111011101111	1
1101111111101111	1
1001111111111111	1
1101111101111111	1
0110000100000000	1
0110000110000001	1
1010000000000000	1
1010000010000000	1
0011000100000001	1
0010000100100000	1
0010000010000011	1
0010000110000011	1
0010000000100010	1
0010000000100011	1
0010001010000010	1
1110101010011011	1
0011101000111010	1
0110000100000100	1
0011000000000101	1
0010000100100110	1
0011000010100110	1
0011000110100111	1
0111100000011111	1
1011100110111111	1
0011101110110111	1
0111101110110111	1
0111101110011110	1
0010010010000000	1
1010010110000001	1
1110010000000000	1
1010010100010000	1
1010010010100010	1
1010010100001000	1
1010110000111010	1
1010011010000001	1
1110011010010000	1
1010011100111011	1
1110011010111011	1
0010111100111010	1
1010111100111011	1
1111111100111010	1
1111111110111011	1
1010010000000100	1
1011110110011101	1
1011110100111100	1
1110110110011111	1
1011110010111110	1
1011110100111110	1
1111110000111111	1
1111110010111111	1
1010011110010101	1
1111011110010101	1
1111111110110110	1
1011011100111100	1
0111111000111101	1
1111011110011111	1
0010111110111111	1
1011111110111111	1
1111111010111110	1
1111111110111111	1
0110000011000001	1
0110000101000000	1
0110000111000000	1
0110100101000000	1
0110000011000011	1
0110000111100011	1
1110100111110011	1
0111100101110010	1
0110100111101011	1
0010001011010000	1
0110101111110001	1
0110101111110010	1
0010101111011000	1
0110101111011001	1
0111001111111011	1
0110101101111010	1
1110101011111011	1
1111101111111011	1
0011000101100110	1
0111100011100111	1
0111100101001101	1
1111100111101111	1
1111001111010101	1
1111101111001100	1
0111101111111101	1
0011001111101111	1
0011001111111111	1
0110101111111111	1
0111101011111110	1
1111101011111111	1
1010010101000000	1
1010010111000001	1
1110010111000000	1
1111010111000001	1
1110110111110001	1
1110110011111001	1
1110110111111001	1
1110110101011010	1
1110110111111011	1
1111110011111011	1
1110011101110001	1
1111011101010011	1
1110111011011001	1
1110111101011001	1
1110111111011001	1
0110111111101001	1
0110011101011011	1
1110011111011011	1
1110111011011011	1
0111011101111010	1
1111011101111011	1
0110111011111011	1
0110111111111011	1
1110111001111011	1
1110111111111011	1
1011010111000101	1
0011110101001101	1
1111110111111101	1
1111010111111110	1
1111110111101110	1
0111110111111111	1
1111110111111111	1
1011011101110111	1
1111011101110111	1
1110111111110111	1
1111111111110111	1
1111111011011101	1
1111111111011101	1
1011111011111101	1
1011111111111100	1
1111111101111100	1
1111111101111101	1
1111111111001111	1
0111111111011111	1
1111111011011111	1
0111011011111111	1
1111111111101110	1
0011111111111111	1
0111111111111110	1
0111111111111111	1
1111111001111111	1
1111111011111111	1
