VALUES		COUNTS

000000000000	981
111111111111	389
000000001000	210
000100000100	125
000001000000	123
000000100000	119
000000010000	113
000010000000	112
000001010000	102
000011111000	92
000000000100	91
001000000000	87
110111111111	84
001000000010	83
111111011111	81
000010001000	80
111101110111	79
111111111011	79
111101111111	74
111011111011	69
111100000111	68
111110111111	66
111011111111	63
000100000000	56
100000000000	53
111110101111	52
111111110111	52
111111101111	46
111111111101	45
111110001111	43
000001110000	41
011111111111	40
110111111101	39
000000000010	38
101111111111	38
111111111110	37
000000000001	36
111000000011	36
110011111011	34
000001100000	33
000011011000	32
000000101000	29
111101010111	29
000001111000	27
000010100000	26
111111001111	24
111100100111	23
000011110000	22
001010000010	21
110101110111	21
000000011000	20
010000000000	20
000001011000	20
000000110000	19
000000001100	19
000010101000	19
111001111011	19
111011110011	19
000111111100	19
110111011111	19
001000001000	18
000100001100	18
111100001111	18
000001001000	18
111101110011	18
110111111011	18
110111110111	18
111001110011	17
110011111001	17
110110111101	16
000011000000	16
000011101000	16
111011011011	16
111100111111	15
111010111011	15
000110000100	15
110110101111	15
111110100111	15
110101111101	15
111101111011	15
110111101111	15
111111011011	15
000000010100	14
010000000001	14
001000010010	14
000100010100	14
111100110111	14
111100101111	14
000010111000	14
001010000000	14
000110001100	14
110110111111	14
111001010011	14
000101010100	14
110101111111	14
111101110101	14
111101100111	14
111101011111	14
111111011110	14
111111010111	14
111100000011	13
001001000000	13
111011011111	13
111111110011	13
001100000100	12
001010001000	12
111001110111	12
001011111000	12
111011111010	12
111011101111	12
001000100000	11
001000001010	11
111100000110	11
000010011000	11
111010111111	11
110110001111	11
111110101011	11
111110111011	11
111110000111	11
001001010000	11
000101000100	11
000101110100	11
111101111101	11
000011010000	11
110111111001	11
011111110111	11
111111000111	11
111111100111	11
000000111000	10
110000000001	10
001000000100	10
001000100010	10
110100000111	10
111110110111	10
111110011111	10
000001010100	10
001001010010	10
110101110101	10
000011001000	10
001111111110	10
011111011111	10
111111110101	10
111111011101	10
001000010000	9
111100010111	9
000010001010	9
001010001010	9
000110000000	9
110110001101	9
111110111110	9
000001000100	9
111101000111	9
000011100000	9
110011111111	9
000111101100	9
110111111110	9
100000001000	8
010000010000	8
110000000011	8
001000000001	8
011000000011	8
000100100100	8
101100000111	8
000010010000	8
111010001011	8
111010101011	8
000110001000	8
110110101101	8
101110111111	8
111110001110	8
000001101000	8
111001000011	8
111001111111	8
101101111111	8
111101110110	8
101011111011	8
011011111111	8
111011111001	8
111011101011	8
000111111000	8
100111111111	8
010111111111	8
101111111011	8
111111111001	8
000000001010	7
100000000001	7
001000101000	7
101000000000	7
111000100011	7
111000000111	7
000100000101	7
110100100111	7
001100000000	7
001100000110	7
111100110110	7
011110101111	7
011110111111	7
010001000000	7
110001110001	7
000101110000	7
101101110111	7
111101010011	7
111101101111	7
110011111101	7
110011110011	7
110011011011	7
111011111110	7
110111001111	7
101111111110	7
101111110111	7
101111101111	7
111111111010	7
000000100001	6
100000100000	6
010000001000	6
000100100000	6
100100000100	6
010100000100	6
110100000101	6
000010000100	6
000010001100	6
111010000011	6
111010100011	6
111010011011	6
101110101111	6
111110101101	6
111110000011	6
001001000010	6
000101010000	6
000101100100	6
011101110111	6
101011111111	6
111011111101	6
100111111011	6
011111111011	6
111111110110	6
111111010011	6
111111101011	6
000000010010	5
000000000110	5
000000000101	5
010000100000	5
110000100011	5
111000000010	5
111000000001	5
000100001000	5
000100000110	5
110100000011	5
110100110111	5
110100001111	5
001100000010	5
101100000110	5
011100000111	5
111100001110	5
111100111011	5
000010110000	5
110010111011	5
110110000111	5
111110101110	5
111110001101	5
111110111101	5
000001000010	5
000001000001	5
100001000000	5
001001100000	5
001001100010	5
111001011011	5
000101000000	5
110101111110	5
110101100111	5
111101111110	5
000011110100	5
000011101100	5
000011111100	5
100011111000	5
010011111000	5
001011101010	5
001011011010	5
001011111010	5
011011101011	5
111011001011	5
100111111101	5
010111111101	5
110111110101	5
110111011011	5
110111100111	5
011111111101	5
011111101111	5
111111101110	5
000000100100	4
000000100010	4
000000010001	4
000000001001	4
000000000011	4
100000000100	4
100000000010	4
010000000010	4
001000011010	4
001000000110	4
101000000010	4
101000000111	4
111000110011	4
111000001011	4
111000100111	4
111000010111	4
111000110111	4
111000111111	4
010100000111	4
101100000011	4
011100001111	4
111100011111	4
000010101100	4
100010000000	4
010010000000	4
110010101001	4
110010101011	4
111010111101	4
111010001111	4
111010011111	4
110110000011	4
110110101011	4
001110001110	4
001110111110	4
101110001111	4
111110110011	4
111110001011	4
000001100100	4
000001010010	4
110001111001	4
110001111011	4
001001110000	4
111001111001	4
111001100011	4
000101111100	4
001101000100	4
001101110100	4
101101101111	4
011101111111	4
111101011011	4
111101001111	4
010011111111	4
110011101011	4
001011010000	4
001011011000	4
101011011011	4
111011110010	4
111011110001	4
000111011000	4
000111011100	4
000111111110	4
100111111110	4
110111111100	4
110111010111	4
001111111100	4
101111101110	4
101111111101	4
111111101101	4
111111100011	4
000000110001	3
100000010000	3
010000010001	3
111000101011	3
000100010000	3
100100000000	3
010100100100	3
010100100111	3
110100100101	3
110100110101	3
011100000011	3
011100100111	3
111100000010	3
111100100110	3
111100110101	3
111100001101	3
111100101101	3
111100100011	3
111100110011	3
111100001011	3
000010100100	3
000010011100	3
000010000010	3
000010000001	3
000010001001	3
100010001000	3
100010111000	3
110010101000	3
110010001001	3
110010000011	3
001010101000	3
111010100111	3
111010101111	3
000110010100	3
000110101100	3
000110111100	3
110110011011	3
110110111011	3
110110100111	3
110110110111	3
001110100110	3
101110110111	3
011110001111	3
111110001010	3
111110011011	3
000001110100	3
000001011100	3
000001111100	3
000001010001	3
000001111001	3
010001110000	3
010001110011	3
110001000001	3
110001110011	3
110001110111	3
110001111111	3
001001110010	3
001001111010	3
101001110011	3
101001111011	3
011001111011	3
111001100111	3
111001010111	3
000101100000	3
000101011000	3
100101111111	3
010101110111	3
110101100101	3
110101010101	3
110101110011	3
110101111011	3
110101010111	3
001101010100	3
001101110110	3
001101111110	3
101101110110	3
101101111110	3
101101111011	3
011101011111	3
111101010110	3
111101011110	3
111101111001	3
111101100101	3
111101010101	3
000011111001	3
110011110001	3
110011110101	3
110011110111	3
110011011111	3
001011000000	3
011011110011	3
111011011010	3
111011011110	3
111011011001	3
111011010011	3
111011110111	3
000111000000	3
000111010000	3
000111110100	3
100111111001	3
100111001111	3
010111111011	3
010111011111	3
110111110110	3
110111101101	3
110111011101	3
110111110011	3
001111111111	3
101111111100	3
101111011111	3
011111011101	3
111111111000	3
111111110001	3
000000110100	2
000000100110	2
100000110000	2
100000101100	2
100000000011	2
010000011000	2
010000000100	2
010000100001	2
010000001001	2
110000001000	2
110000010001	2
110000101001	2
110000110011	2
110000111011	2
110000000111	2
110000110111	2
001000011000	2
001000100100	2
001000010100	2
001000110010	2
101000010010	2
101000000011	2
011000000000	2
011000001000	2
011000000010	2
011000000111	2
111000100010	2
111000010001	2
111000000101	2
111000011011	2
000100110000	2
000100101100	2
000100011100	2
000100000010	2
000100000001	2
000100100101	2
100100000101	2
110100100100	2
110100010110	2
110100000001	2
110100001001	2
110100010101	2
110100100011	2
110100101111	2
110100111111	2
001100001010	2
001100000101	2
001100000111	2
101100100111	2
101100010111	2
101100001111	2
101100101111	2
011100110111	2
111100000100	2
111100100010	2
111100100101	2
111100010101	2
111100010011	2
111100011011	2
000010010010	2
000010101001	2
100010101000	2
010010010000	2
010010001000	2
110010111111	2
001010010000	2
001010011000	2
001010101010	2
001010111010	2
101010001000	2
101010101010	2
101010010011	2
101010101011	2
101010111111	2
011010111011	2
111010111010	2
111010111110	2
111010001001	2
000110110100	2
000110011100	2
000110000110	2
100110000100	2
100110101101	2
100110111111	2
010110111111	2
110110101110	2
110110111110	2
110110000101	2
110110011101	2
110110011111	2
001110000110	2
001110100111	2
101110011011	2
101110000111	2
111110111010	2
111110011110	2
111110001001	2
111110111001	2
111110000101	2
111110110101	2
000001001100	2
000001100010	2
000001111010	2
000001100001	2
000001110011	2
100001010000	2
001001001000	2
001001101010	2
011001000001	2
011001110001	2
111001010010	2
111001111010	2
111001100001	2
111001110001	2
111001001011	2
111001101011	2
111001011111	2
000101001100	2
000101011100	2
000101010110	2
100101111101	2
100101010111	2
010101111110	2
010101101101	2
110101110100	2
110101111100	2
110101100110	2
110101010110	2
110101110001	2
110101000101	2
110101000111	2
110101101111	2
110101011111	2
001101000010	2
001101010110	2
001101111111	2
101101110001	2
101101110011	2
101101011111	2
011101111011	2
011101100111	2
011101010111	2
111101111100	2
111101101010	2
111101000110	2
111101100110	2
111101101101	2
111101000011	2
111101100011	2
000011000100	2
000011010100	2
000011011100	2
000011001010	2
000011011010	2
000011011001	2
100011111010	2
100011111001	2
100011011011	2
100011101111	2
010011011000	2
010011011001	2
010011111001	2
010011011011	2
010011111011	2
110011111000	2
110011111010	2
110011111110	2
110011101001	2
001011110000	2
001011010010	2
001011110010	2
001011111110	2
001011101001	2
001011011011	2
101011111001	2
101011101111	2
111011101001	2
111011100011	2
111011000111	2
000111010100	2
000111101101	2
000111111111	2
100111101100	2
100111011001	2
100111110101	2
100111011011	2
100111101111	2
010111111001	2
110111011100	2
110111101110	2
110111011110	2
110111100001	2
110111011001	2
110111010101	2
001111010100	2
001111111010	2
001111110110	2
001111011110	2
001111011111	2
101111110101	2
101111010011	2
101111101011	2
101111010111	2
101111001111	2
011111111001	2
011111110101	2
011111101011	2
111111111100	2
111111101010	2
111111100110	2
111111010110	2
111111001110	2
111111001011	2
000000011100	1
000000111100	1
000000101010	1
000000011010	1
000000010101	1
000000100011	1
000000010011	1
100000100100	1
100000110100	1
100000001100	1
100000010010	1
100000001010	1
100000010001	1
100000001001	1
010000001100	1
010000010010	1
010000000101	1
010000100011	1
110000000000	1
110000010000	1
110000000010	1
110000101010	1
110000111110	1
110000001001	1
110000111001	1
110000000101	1
110000100101	1
110000001101	1
110000101101	1
110000111101	1
110000010011	1
110000100111	1
110000011111	1
001000110000	1
001000001100	1
001000101100	1
001000101110	1
001000010001	1
001000101001	1
001000000011	1
001000100011	1
001000010011	1
101000100000	1
101000010000	1
101000001000	1
101000000100	1
101000100010	1
101000001010	1
101000011010	1
101000000110	1
101000001110	1
101000010101	1
101000110101	1
101000100011	1
101000110011	1
101000001011	1
101000110111	1
101000001111	1
101000101111	1
011000010010	1
011000101010	1
011000001001	1
011000110011	1
011000001011	1
011000101011	1
011000011011	1
011000100111	1
011000001111	1
011000111111	1
111000110010	1
111000001010	1
111000000110	1
111000110110	1
111000110001	1
111000001001	1
111000010011	1
111000111011	1
111000001111	1
111000101111	1
000100101000	1
000100111000	1
000100111100	1
000100100010	1
000100010110	1
000100001110	1
000100011001	1
000100101101	1
000100100111	1
100100100100	1
100100010100	1
100100110100	1
100100000110	1
100100100001	1
100100101101	1
100100101011	1
100100000111	1
100100110111	1
010100000000	1
010100110100	1
010100001100	1
010100111100	1
010100000001	1
010100110101	1
010100001101	1
010100000011	1
010100001011	1
010100001111	1
110100110000	1
110100111000	1
110100110100	1
110100000010	1
110100100001	1
110100010001	1
110100110001	1
110100001101	1
110100001011	1
110100101011	1
110100011111	1
001100010000	1
001100001000	1
001100100100	1
001100001100	1
001100100010	1
001100100110	1
001100110110	1
001100101110	1
001100111110	1
001100001101	1
001100000011	1
001100001011	1
001100100111	1
101100100100	1
101100010100	1
101100101010	1
101100110110	1
101100011001	1
101100100101	1
101100111101	1
101100101011	1
101100110111	1
011100000000	1
011100001110	1
011100111110	1
011100100001	1
011100000101	1
011100010101	1
011100110011	1
011100001011	1
111100000000	1
111100110100	1
111100111100	1
111100010110	1
111100000001	1
111100010001	1
111100101001	1
111100000101	1
000010111100	1
000010100010	1
000010101010	1
000010111010	1
000010100001	1
000010111001	1
000010001101	1
000010001111	1
100010100000	1
100010000100	1
100010010100	1
100010001001	1
100010011101	1
100010101011	1
010010001110	1
010010001001	1
010010111001	1
010010000011	1
010010001011	1
010010111011	1
010010001111	1
010010101111	1
110010111110	1
110010111001	1
110010110101	1
110010001101	1
110010111101	1
110010110011	1
110010001011	1
110010100111	1
110010101111	1
001010110000	1
001010000100	1
001010100010	1
001010010010	1
001010110010	1
001010111110	1
001010000001	1
001010100001	1
101010101110	1
101010110001	1
101010000011	1
101010001011	1
101010111011	1
101010001111	1
101010101111	1
011010000010	1
011010001010	1
011010101010	1
011010000001	1
011010001011	1
011010101011	1
011010001111	1
011010111111	1
111010000010	1
111010100010	1
111010101010	1
111010000110	1
111010100001	1
111010010001	1
111010111001	1
111010110101	1
111010101101	1
111010011101	1
111010110011	1
111010110111	1
000110101000	1
000110000010	1
000110100010	1
000110111010	1
000110110110	1
000110101110	1
000110011110	1
000110111110	1
000110111101	1
000110000111	1
000110011111	1
000110111111	1
100110001000	1
100110110100	1
100110111100	1
100110001110	1
100110111001	1
100110111101	1
100110001011	1
100110110111	1
100110001111	1
100110101111	1
010110001100	1
010110101100	1
010110111001	1
010110000101	1
010110101101	1
010110111101	1
010110110011	1
010110101011	1
010110111011	1
010110001111	1
110110000110	1
110110001110	1
110110100001	1
110110110001	1
110110101001	1
110110111001	1
110110100101	1
110110001011	1
001110000000	1
001110100000	1
001110001100	1
001110001010	1
001110101110	1
001110011110	1
001110111101	1
001110101011	1
001110101111	1
101110000100	1
101110000110	1
101110110110	1
101110101110	1
101110111110	1
101110000101	1
101110001101	1
101110101101	1
101110110011	1
101110111011	1
101110100111	1
011110001010	1
011110001110	1
011110111110	1
011110101001	1
011110100101	1
011110011101	1
011110010011	1
011110011011	1
011110000111	1
011110100111	1
011110110111	1
111110001100	1
111110111100	1
111110100010	1
111110110010	1
111110101010	1
111110100110	1
111110110110	1
111110010001	1
111110101001	1
111110100101	1
111110011101	1
111110100011	1
111110010011	1
111110010111	1
000001110010	1
000001001010	1
000001000110	1
000001010110	1
000001101001	1
000001101101	1
000001011011	1
000001110111	1
100001110000	1
100001101000	1
100001111000	1
100001000100	1
100001000001	1
100001100001	1
100001010001	1
100001000101	1
100001110011	1
010001100000	1
010001010000	1
010001001000	1
010001010100	1
010001111100	1
010001100001	1
010001111001	1
010001110101	1
010001110111	1
110001001000	1
110001111000	1
110001110010	1
110001110110	1
110001101001	1
110001011001	1
110001110101	1
110001001011	1
110001101011	1
110001011011	1
110001010111	1
001001111000	1
001001000100	1
001001010100	1
001001110100	1
001001001100	1
001001011010	1
001001100110	1
001001010001	1
001001110111	1
101001110010	1
101001011110	1
101001110001	1
101001001011	1
101001011011	1
101001010111	1
101001011111	1
101001111111	1
011001000000	1
011001010000	1
011001010100	1
011001110010	1
011001010101	1
011001111101	1
011001100011	1
011001010011	1
011001110011	1
011001010111	1
011001011111	1
011001111111	1
111001110000	1
111001000010	1
111001110010	1
111001010110	1
111001111110	1
111001000001	1
111001111101	1
111001000111	1
111001101111	1
000101101100	1
000101000110	1
000101111110	1
000101000001	1
000101010001	1
000101011001	1
000101000101	1
000101110101	1
000101111111	1
100101110000	1
100101000100	1
100101100100	1
100101110100	1
100101100110	1
100101000001	1
100101110001	1
100101100011	1
100101110011	1
100101101011	1
100101111011	1
100101110111	1
010101010000	1
010101111100	1
010101010001	1
010101111001	1
010101100101	1
010101010101	1
010101110101	1
010101011101	1
010101111011	1
010101100111	1
010101010111	1
010101011111	1
010101111111	1
110101110110	1
110101011110	1
110101100001	1
110101011001	1
110101111001	1
110101101101	1
110101011101	1
110101010011	1
001101000000	1
001101100100	1
001101101100	1
001101111010	1
001101011110	1
001101100101	1
001101011111	1
101101000000	1
101101100101	1
101101110101	1
101101000011	1
101101100111	1
101101010111	1
011101010100	1
011101111010	1
011101110110	1
011101011110	1
011101111110	1
011101111101	1
011101000011	1
011101110011	1
011101000111	1
011101001111	1
111101100100	1
111101010100	1
111101101100	1
111101011100	1
111101100010	1
111101011010	1
111101000001	1
111101110001	1
111101000101	1
111101011101	1
111101101011	1
000011101010	1
000011111010	1
000011100001	1
000011010001	1
000011110001	1
000011110101	1
000011111011	1
100011000000	1
100011100000	1
100011011000	1
100011111100	1
100011111110	1
100011110001	1
100011111101	1
100011111011	1
100011110111	1
100011111111	1
010011110000	1
010011001000	1
010011101000	1
010011110010	1
010011010001	1
010011100101	1
010011111101	1
010011110011	1
110011100000	1
110011110010	1
110011101010	1
110011011010	1
110011101110	1
110011010001	1
110011001001	1
110011011001	1
110011000101	1
110011011101	1
110011000011	1
110011010011	1
001011001000	1
001011101000	1
001011101100	1
001011111100	1
001011000010	1
001011100010	1
001011101101	1
001011101011	1
001011111011	1
001011001111	1
001011111111	1
101011111000	1
101011111110	1
101011011101	1
101011100011	1
101011010011	1
101011110011	1
101011101011	1
011011111110	1
011011110001	1
011011110101	1
011011100011	1
011011001011	1
011011011011	1
011011111011	1
011011001111	1
111011111100	1
111011001010	1
111011110110	1
111011010001	1
111011010101	1
111011001101	1
111011101101	1
111011100111	1
000111001000	1
000111101000	1
000111001100	1
000111000010	1
000111111001	1
100111111000	1
100111110110	1
100111101101	1
100111101011	1
100111100111	1
100111011111	1
010111111000	1
010111111100	1
010111011110	1
010111101001	1
010111100101	1
010111001101	1
010111011101	1
010111011011	1
010111110111	1
010111101111	1
110111011000	1
110111110010	1
110111001010	1
110111011010	1
110111001110	1
110111101001	1
110111000101	1
110111100101	1
110111001101	1
110111010011	1
001111101000	1
001111111000	1
001111110100	1
001111011101	1
001111111101	1
001111011011	1
001111101111	1
101111011000	1
101111111000	1
101111101100	1
101111110110	1
101111011110	1
101111101101	1
101111000111	1
101111100111	1
011111111010	1
011111100110	1
011111111110	1
011111100111	1
011111001111	1
111111110100	1
111111110010	1
111111011001	1
111111100101	1
