VALUES		COUNTS

0000000000000000	423
0000100000000100	173
0000010000001000	113
1111111111111111	110
0000000000100000	101
0000100000000000	68
0001000000000000	64
0000000100000000	58
0000000100100000	51
1100000000000000	49
0000110000001100	48
1111111011111111	47
0000000000000100	46
1111101111110111	42
0000000000001000	38
0000001000000000	37
1111111011011111	37
0000001111110000	35
0000100000100100	32
0000000000010000	30
1111011111111011	29
0000000010000000	28
0000001000010000	28
0000000001000000	26
0100000000000000	26
1111011111111111	26
1111111111101111	26
0000000000000010	25
0010000000000000	25
0000100100100100	24
1111111111110111	24
0001000000000010	23
0000100100000100	23
0000000000000001	22
1100100000000100	22
1111100000000111	22
0000000101100000	22
0011111111111111	22
0111111111111111	22
1000000000000000	20
0000010000000000	20
0000000001100000	19
1100010000001000	19
0000010100001000	19
1111110111101111	19
1111110111111111	19
1111111111111011	19
1111111111011111	19
1111111110111111	19
0000010000101000	18
0000101000000100	18
0000000101000000	18
1110111111111111	18
1111111111111110	18
1000100000000100	17
0000110000001000	17
0000001011010000	17
1111101011010111	17
0001100000000100	16
0001010000001000	16
1011111111111111	16
0010000000000001	15
0000101000010100	15
0000010100101000	15
0001000000100000	14
1111001111110011	14
1111101111111111	14
1101111111111111	14
0001100000000000	13
0000010000001100	13
0001110000001100	13
0000000111100000	13
0000000100101000	13
1111111111111101	13
1111110000001111	12
1111101011110111	12
0000000000100100	11
0000110000101100	11
0000001011110000	11
1111101011011111	11
1111011011111111	11
0011111011011111	11
0011111011111111	11
0000001111010000	11
0000000010100000	10
0000000011100000	10
0000100001000100	10
0000100000010100	10
0000110000000100	10
1111011011111011	10
1111111000001111	10
1111111010011111	10
1100000100000000	10
1111100111100111	10
1111001111110111	10
0000101111110100	10
1111101101110111	10
0011011111111111	10
1111011111101111	10
0111111111101111	10
1111111101111111	10
0000000011000000	9
0100100000000100	9
0100010000001000	9
1111110011111111	9
0000111000011100	9
1011111011111111	9
0111111011111111	9
1111111011001111	9
0000000100100100	9
0000100100000000	9
0000100111100100	9
0000010101001000	9
0011101111110111	9
1011011111111111	9
0011111110111111	9
1011111111101111	9
1100000000100000	8
0000100010000100	8
0000100000001100	8
1101110000001111	8
1111110011101111	8
0000011000001000	8
1111111011011110	8
1111111011011101	8
0000100101100100	8
1111100111110111	8
1011101111110111	8
1111101110110111	8
0000011111111000	8
1101011111111011	8
1000000000100000	7
0100000000100000	7
1110000000000001	7
1101000000000000	7
0000100000000110	7
0010100000000101	7
0001010000001010	7
0000110010001100	7
1100110000001100	7
0011110011011111	7
1111011011011111	7
1011111011011111	7
0111111011011111	7
1111111011010111	7
1111111011101111	7
1111111001111111	7
0000000110000000	7
0000000111000000	7
1100000100100000	7
0001000100100000	7
0000010111101000	7
1111110111001111	7
0000001100100000	7
0000001100110000	7
0000001101110000	7
0011001111110011	7
1110101111110111	7
1101101111110111	7
0111101111110111	7
0011011111111011	7
1011011111111011	7
0111011111111111	7
1111011110111111	7
1011111110111111	7
0111111111011111	7
0111111110111111	7
1111111111101110	7
1111111100111111	7
1000000001000000	6
1100000010000000	6
0001000000000100	6
0000100001100100	6
0000100000000101	6
1100100000100100	6
0010100000000100	6
1000010000001000	6
0000001000000100	6
0001001000000000	6
1111001011010111	6
0000101000000000	6
0000101011010100	6
0011101011010111	6
1111101011100111	6
1111011011011011	6
1110111011111110	6
1110111011011111	6
1110111011111111	6
1111111011011011	6
0000000110100000	6
0000000100000100	6
0000000100100010	6
0100000100100000	6
0001000100000000	6
0000100100100000	6
0000100101000100	6
0000110100001100	6
0000110100101100	6
1011110111101111	6
0111110111101111	6
1111110111101011	6
0000001100000000	6
0000001110110000	6
1111101111110110	6
1111101111110101	6
0000011100101000	6
1111011111011111	6
1110111111011111	6
0011111111110111	6
1111111111011011	6
0000000000101000	5
0000000000001100	5
0000000000100001	5
1000000010000000	5
0001000000100010	5
1111000000000011	5
1111000000000111	5
0000100000100000	5
0000100000001000	5
0100100000000000	5
1110100000000101	5
0001100000100100	5
0001100000000110	5
1111100000000011	5
0000010010001000	5
0000010001001000	5
0000010000101100	5
0000010000001010	5
1111010000001011	5
0000110000001110	5
1111110011011111	5
0000001000100000	5
1100001000000000	5
0001001001000000	5
0001001000010000	5
1111001011110011	5
1110101011110111	5
0001101000000100	5
1101101011110111	5
0111101011111111	5
1111101000011111	5
0000011000001100	5
0000111011011100	5
1110111000001111	5
1101111011111111	5
0011111001011111	5
0111111011001111	5
1111111011111011	5
1111111011110111	5
1111111000011111	5
1111111000111111	5
0000000100010000	5
0000000100110000	5
0010000100100000	5
1100100100000100	5
1111010111101011	5
0000110100101000	5
1101110111101111	5
0011110111111111	5
0000001111100000	5
1100001111110000	5
0001001111110000	5
0000101111110000	5
0000101100100100	5
0011101111111111	5
0111101111100111	5
1111101111110011	5
1111101111100111	5
0111011111111011	5
1111011111111001	5
1111011111110011	5
1111011111011011	5
1010111111111111	5
1110111111111101	5
1101111110111111	5
1111111111111010	5
1111111111100111	5
1111111111001111	5
1111111101011111	5
0000000000110000	4
0000000011110000	4
0000000000000101	4
0100000000001000	4
1100000000001100	4
1110000000000011	4
0001000000001000	4
1001000000000000	4
0101000000000000	4
1111000000000001	4
0000100000000001	4
1100100000100000	4
1001100000000100	4
0011100000000101	4
1111100000100111	4
0000010001101000	4
1100010000101000	4
0000110000101000	4
0000110000100100	4
1000110000001100	4
1110110011101111	4
0001110000001000	4
1101110011101111	4
1011110011011111	4
1111110000001011	4
1111110000000111	4
1111110011001111	4
0000001001000000	4
0000001001010000	4
0000001000110000	4
1111001011010011	4
0100101000000100	4
1101101011010111	4
1011101011110111	4
0111101011110111	4
1111101000010111	4
1111101010010111	4
0000011000011000	4
0011011011011011	4
0011011011111111	4
1011011011111011	4
0111011011111011	4
1111011000011011	4
0011111000001111	4
1111111011111101	4
1111111000010111	4
0000000101000100	4
0000000100000001	4
1000000100000000	4
1000000100100000	4
0010000100000000	4
0001000100000010	4
0001100100000100	4
1111100111111111	4
0000010100000000	4
0000010100101100	4
0000110100001000	4
0000110101101100	4
0011110111101111	4
1011110111111111	4
1111110101101111	4
0000001101010000	4
0000101100110000	4
0011101111101111	4
1111101111010111	4
0000011100111000	4
1110011111111011	4
0001011111111111	4
0011011111011111	4
1111011111111110	4
1100111111111111	4
0010111111111111	4
0110111111111111	4
1110111111101111	4
1110111101111111	4
0101111111111111	4
0011111111101111	4
0011111111011111	4
0011111101111111	4
1011111111011101	4
1011111100111111	4
0111111111110111	4
1111111111110110	4
1111111111101011	4
1111111110111011	4
1111111111010111	4
1111111110101111	4
0000000011010000	3
0000000000011000	3
0000000000010100	3
0000000000100010	3
1000000000001000	3
0100000000010000	3
0100000000000010	3
1100000001100000	3
1100000000001000	3
1100000000000100	3
0010000010000000	3
0010000000000011	3
1010000000000000	3
0110000000000001	3
0001000001000000	3
0001000000010000	3
0001000000000001	3
1101000000000010	3
0011000000000000	3
1111000000000010	3
0000100010000000	3
0000100010100000	3
0000100000010000	3
0000100010001100	3
1100100000000000	3
1100100000001100	3
0010100000000000	3
0010100000100100	3
0011100011000101	3
0011100000000111	3
1111100011000111	3
1111100011100111	3
1111100000001111	3
0000010000011000	3
0000010000000100	3
0000010011001100	3
0000010000000010	3
0000010000101001	3
1000010000000000	3
1100010000011000	3
1100010000001100	3
1100010000001010	3
1110010000100000	3
1110010000001001	3
1101010000001000	3
1111010011001011	3
1111010011101011	3
1111010000001111	3
1111010011001111	3
1111010011101111	3
0000110000001010	3
1100110000001000	3
1100110001001100	3
0010110000001101	3
1101110011111111	3
0011110000001111	3
0011110011001111	3
0011110011101111	3
0111110000001111	3
1111110000001110	3
1111110000101110	3
1111110001101111	3
0000001011000000	3
0000001000000001	3
1000001000010000	3
0001001000100000	3
0001001000000010	3
0001001011110010	3
1111001000010011	3
1111001011110111	3
1111001000011111	3
0000101000010000	3
0000101001110100	3
0000101000001100	3
1100101011110100	3
1011101011010111	3
1111101011110101	3
1111101000000111	3
1111101010000111	3
1111101001110111	3
1111101011111111	3
0000011000000000	3
0000011000011100	3
1110011011111111	3
1101011011011011	3
1101011011111011	3
0011011011111011	3
0111011011011011	3
1111011011001011	3
1111011011101011	3
1111011010011011	3
1111011001011011	3
0000111000101100	3
0010111011111111	3
1110111011001101	3
0001111011011111	3
1101111011011111	3
0011111011101111	3
0011111000011111	3
0111111000011111	3
1111111011011010	3
1111111000011110	3
1111111011111110	3
1111111011001011	3
1111111001010111	3
1111111010001111	3
1111111001011111	3
1000000100000100	3
1100000101100000	3
0010000100110000	3
1110000100100000	3
1110000100100001	3
0011000100000000	3
1111000111000111	3
1111000111100111	3
0000100101000000	3
0000100100001100	3
0100100100100100	3
0001100101000100	3
1111100111010111	3
0000010100100000	3
0000010111001000	3
0000010101101100	3
0010010100101000	3
1110010111111111	3
0001010100001000	3
0001010100101000	3
1001010111101111	3
0011010110111011	3
1111010111111110	3
1111010111111011	3
1111010111101111	3
1111010111111111	3
1110110111101111	3
0001110100101000	3
0111110111111111	3
1111110111101101	3
1111110100101111	3
1111110110101111	3
1100001101010000	3
1110001111010011	3
1101001111110011	3
1101001111110111	3
1111001111110010	3
1111001111100011	3
1111001110110011	3
1111001100110111	3
0000101111100100	3
0000101111010100	3
0000101100110100	3
1100101111110100	3
1110101111100111	3
1101101111110100	3
1101101111110110	3
0011101110110111	3
0111101111010111	3
0111101110110111	3
0111101111101111	3
1111101111100101	3
1111101111101111	3
1111101111011111	3
1110011101111011	3
0011011111011011	3
0011011101111011	3
0011011110111111	3
1011011111110011	3
1111011111111010	3
1111011110111001	3
1111011110100011	3
1111011111101011	3
1111011101111011	3
1111011101111111	3
0000111111111100	3
0110111101111111	3
1110111110101111	3
1101111111101110	3
1101111111111110	3
1101111100111111	3
0011111111111110	3
0011111111111011	3
0011111100111111	3
1011111111111110	3
1011111111011111	3
0111111111111101	3
0111111101111111	3
1111111110111110	3
1111111111110101	3
1111111101111011	3
1111111101101111	3
1111111110011111	3
0000000010010000	2
0000000001010000	2
0000000001001000	2
0000000011001000	2
0000000010101000	2
0000000010000100	2
0000000001100100	2
0000000011100100	2
0000000010000010	2
0000000001000010	2
0000000001010010	2
0000000000001010	2
0000000010000001	2
0000000000001001	2
1000000011000000	2
1000000000010000	2
1000000000000100	2
1000000000000010	2
1000000000100010	2
0100000011000000	2
0100000000000100	2
1100000001000000	2
1100000011110000	2
1100000000100001	2
0010000000100000	2
0010000010000001	2
0010000000001001	2
1110000000001000	2
1110000000000010	2
1110000001000001	2
1110000000100001	2
0001000010000000	2
0001000001100000	2
0001000010001000	2
0001000000100100	2
0001000000010100	2
0001000010000010	2
0001000000001010	2
1001000000000010	2
1101000000001000	2
0011000000000001	2
1011000000000011	2
1011000011000111	2
1111000011100011	2
1111000011000111	2
1111000011100111	2
0000100001000000	2
0000100000101000	2
0000100011000100	2
0000100010100100	2
0000100011100100	2
0000100000101100	2
0000100000100110	2
1000100000010100	2
1000100000001100	2
0100100000100100	2
0100100000101100	2
1100100000001000	2
1110100011110111	2
1110100000001111	2
0001100000010000	2
0001100001100100	2
0001100000010100	2
0001100000000010	2
0001100000000111	2
0101100000000010	2
1101100000000111	2
1101100011100111	2
1101100011110111	2
0011100011000111	2
0011100000010111	2
0011100011011111	2
1011100000010111	2
0111100011100111	2
1111100000000110	2
1111100011100101	2
1111100011100011	2
1111100000101111	2
0000010010000000	2
0000010001000000	2
0000010011001000	2
0000010010011000	2
0000010011011000	2
1000010001001000	2
1000010000101000	2
0100010000000000	2
0100010010001000	2
0100010000101000	2
1100010000000000	2
1100010000100000	2
1100010000011100	2
0010010000100000	2
0010010000001000	2
1110010000001000	2
0001010000000000	2
0001010010001000	2
0001010000101000	2
0001010000101010	2
1001010000001000	2
1101010000001011	2
1101010000001111	2
0011010000001001	2
1111010000101011	2
1111010000000111	2
0000110000000000	2
0000110011001100	2
0000110001101100	2
0000110000011100	2
0100110000001100	2
1010110011101111	2
1110110000001101	2
1110110011011101	2
1110110000001111	2
1110110011001111	2
0001110000000000	2
0001110000011100	2
0001110000001111	2
0011110000001010	2
1011110000001111	2
1011110011001111	2
1011110011101111	2
1011110011111111	2
0111110011110111	2
0111110011101111	2
1111110011111100	2
1111110011101011	2
1111110011110111	2
1111110010001111	2
1111110000101111	2
1111110000011111	2
1111110010111111	2
0000001010000000	2
0000001011100000	2
0000001010010000	2
0000001010110000	2
0000001001110000	2
0000001000101000	2
0000001011110100	2
0000001000011100	2
0100001000000000	2
0100001000010000	2
1100001000010000	2
1100001001110000	2
1100001000000100	2
1100001000000010	2
0010001000000000	2
0010001011110011	2
1110001011110001	2
1110001000000011	2
0011001011010111	2
1111001001110010	2
1111001011010101	2
1111001011000011	2
1111001010010011	2
1111001000010111	2
1111001001010111	2
1111001011001111	2
0000101011000000	2
0000101010000100	2
0000101001000100	2
0000101000100100	2
0000101010010100	2
0000101001010100	2
0000101011110100	2
0100101000010100	2
0100101011010100	2
0010101000010100	2
0010101011010101	2
1110101010000111	2
1110101011010111	2
1001101010010111	2
1101101011001111	2
0011101011110111	2
0011101011111111	2
0111101011010111	2
1111101011010100	2
1111101000010110	2
1111101011000111	2
1111101010100111	2
1111101010001111	2
0000011011110000	2
0000011001001000	2
0000011011001000	2
0000011011011000	2
0000011011111000	2
0000011000000100	2
1100011000001000	2
1100011000011100	2
0010011000001001	2
1110011011111101	2
1110011011111011	2
1110011000011111	2
0001011011011111	2
1101011011001010	2
1101011000010011	2
1101011000001011	2
0011011011011001	2
0011011011101111	2
0011011011011111	2
1011011010011111	2
0111011011011100	2
1111011011111010	2
1111011011011110	2
1111011011011001	2
1111011011011101	2
1111011001110011	2
1111011000001011	2
1111011001010111	2
1111011010011111	2
0000111000000000	2
0000111000011000	2
0000111000100100	2
0000111000001100	2
0000111001011100	2
1100111000000100	2
1110111001011101	2
1110111011011101	2
1110111011011011	2
1110111011101111	2
1110111000011111	2
1110111010011111	2
0001111000011010	2
0001111001011110	2
0001111011111111	2
1101111011111110	2
1101111011111101	2
1101111011001111	2
1101111001111111	2
0011111011011110	2
0011111011111101	2
0011111011111011	2
0011111000101111	2
0011111010011111	2
1011111011011110	2
1011111011111101	2
1011111011101111	2
0111111011111011	2
0111111011110111	2
1111111011101110	2
1111111010011110	2
1111111001111110	2
1111111000011011	2
1111111011000111	2
1111111001100111	2
1111111010010111	2
1111111010110111	2
1111111010111111	2
0000000101110000	2
0000000111110000	2
0000000100001000	2
0000000101001000	2
0000000111100100	2
0000000100101100	2
0000000100000010	2
0000000100100001	2
0000000100101001	2
1000000101000000	2
0100000100000000	2
0100000111100000	2
0100000100110000	2
0100000100001000	2
1100000101000000	2
1100000110100000	2
1100000111100000	2
1100000100110000	2
1100000111110000	2
1100000100001000	2
0010000100000001	2
0010000100100001	2
1110000100000001	2
1110000111100001	2
0001000101000000	2
0001000111100000	2
0001000100110000	2
0001000100100010	2
0001000111100010	2
0011000111110011	2
1111000111010010	2
1111000100000011	2
1111000111010011	2
1111000111110011	2
1111000111101011	2
0000100111000000	2
0000100110100000	2
0000100101100000	2
0000100110000100	2
0000100100110100	2
0000100111101100	2
0000100100100110	2
0100100100000100	2
1100100100100100	2
1100100101100100	2
1110100111111111	2
0001100100100000	2
0001100110110000	2
0001100100100110	2
0001100111110111	2
0011100100000111	2
0011100111000111	2
0011100100100111	2
0011100111100111	2
0011100110110111	2
0011100111110111	2
0111100111100111	2
1111100101100111	2
1111100111011111	2
0000010111110000	2
0000010101101000	2
0000010111111000	2
0000010100001001	2
0000010101101001	2
1000010100101001	2
0100010100001000	2
0100010101001000	2
1100010100001000	2
1100010100101000	2
1100010110101000	2
1110010111111001	2
0001010100100000	2
0011010111101111	2
1011010111101011	2
1011010111101111	2
0111010111101011	2
1111010111101010	2
1111010101101011	2
1111010111110111	2
1111010100001111	2
1111010101001111	2
1111010110111111	2
0000110100100100	2
0000110101001100	2
0000110101111100	2
1100110100101000	2
1100110111001111	2
0001110100101110	2
0001110111101111	2
1101110100101111	2
0011110111111011	2
0011110100001111	2
0011110110101111	2
1011110111100111	2
1111110110100111	2
1111110111110111	2
1111110100001111	2
1111110110001111	2
1111110101011111	2
1111110111011111	2
1111110110111111	2
1111110101111111	2
0000001101000000	2
0000001101100000	2
0000001100010000	2
0000001110111000	2
0000001111110100	2
0000001100000010	2
1000001111010100	2
1100001111010000	2
0010001111110000	2
0010001111100001	2
1110001111100011	2
1110001111110011	2
0001001110110000	2
0001001110111010	2
1101001110111111	2
0011001110110111	2
1111001111010010	2
1111001101010011	2
1111001101110011	2
1111001111111011	2
1111001111100111	2
1111001111010111	2
1111001111111111	2
0000101100100000	2
0000101111100110	2
0000101111110101	2
0100101111110100	2
1110101111110101	2
1110101110110111	2
1110101111101111	2
1110101111111111	2
0001101100110110	2
0001101111110011	2
0001101111110111	2
1001101111110111	2
1101101111100111	2
1101101110110111	2
1101101111111111	2
0011101111110110	2
0011101111110001	2
0011101111011111	2
1011101111010111	2
1111101111100110	2
1111101110110110	2
1111101101110110	2
1111101111111110	2
1111101111100011	2
1111101100000111	2
1111101111000111	2
1111101101100111	2
1111101110010111	2
1111101101010111	2
1111101101111111	2
0000011111110000	2
0000011111101000	2
0000011111111100	2
0000011111111010	2
1100011111011000	2
1100011111111000	2
0010011111111011	2
0110011111111011	2
0001011111111011	2
1101011111110011	2
1101011110011011	2
1101011111011011	2
1101011110111011	2
1101011111111111	2
0011011110101001	2
0011011111111001	2
0011011111101011	2
0011011101101111	2
0011011101111111	2
1011011111110111	2
0111011110101011	2
0111011110111011	2
0111011111011111	2
1111011111111100	2
1111011111110110	2
1111011111011110	2
1111011111111101	2
1111011110101011	2
1111011100111011	2
1111011110111011	2
1111011111100111	2
1111011111110111	2
1111011100101111	2
1111011100111111	2
0000111100101100	2
0100111111111111	2
0010111111110111	2
0010111111011111	2
1010111111011110	2
1010111111101111	2
1110111110111100	2
1110111111111110	2
1110111111111011	2
1110111100111111	2
1110111110111111	2
0001111111111010	2
0001111111111111	2
1001111111111110	2
1001111111111111	2
0101111111111110	2
0101111101111111	2
1101111111111010	2
1101111111111101	2
1101111111111011	2
1101111111110111	2
1101111110101111	2
1101111111101111	2
1101111101111111	2
1011111111110110	2
1011111111101110	2
1011111111111011	2
1011111111110111	2
1011111101111111	2
0111111111111100	2
0111111111111110	2
0111111100111111	2
1111111110111010	2
1111111111101101	2
1111111110111101	2
1111111111110011	2
1111111110110111	2
0000000001110000	1
0000000010001000	1
0000000001101000	1
0000000011101000	1
0000000001011000	1
0000000001000100	1
0000000011000100	1
0000000000110100	1
0000000011110100	1
0000000010001100	1
0000000001001100	1
0000000011001100	1
0000000000101100	1
0000000000111100	1
0000000010100010	1
0000000000010010	1
0000000000100110	1
0000000000100011	1
1000000001010000	1
1000000000101000	1
1000000011000100	1
1000000000100100	1
1000000000001100	1
0100000010000000	1
0100000001100000	1
0100000000110000	1
0100000000111000	1
0100000011000100	1
0100000000000110	1
0100000000000001	1
0100000000000101	1
1100000011000000	1
1100000010100000	1
1100000011100000	1
1100000000010000	1
1100000001010000	1
1100000010001000	1
1100000001000100	1
1100000000100100	1
1100000000000010	1
1100000010000010	1
1100000000100010	1
1100000000000001	1
0010000001000000	1
0010000011000000	1
0010000001100000	1
0010000001010000	1
0010000000101000	1
0010000000100100	1
0010000010100100	1
0010000000001100	1
0010000000000010	1
0010000000100010	1
0010000000101010	1
0010000011000001	1
0010000000100001	1
0010000001100001	1
0010000010110001	1
0010000011110001	1
0010000000101001	1
0010000000100101	1
0010000000011101	1
1010000001000000	1
1010000001100000	1
1010000000001000	1
1010000001000011	1
1010000000010011	1
0110000000000000	1
0110000010010111	1
1110000000000000	1
1110000011000000	1
1110000000001010	1
1110000010000001	1
1110000011000001	1
1110000000010001	1
1110000000001001	1
1110000000000101	1
1110000001100101	1
1110000011010101	1
1110000000110101	1
1110000000100011	1
1110000000000111	1
0001000010100000	1
0001000010110000	1
0001000001011000	1
0001000001000100	1
0001000011100100	1
0001000011001100	1
0001000000101100	1
0001000000110010	1
0001000001001010	1
0001000011001010	1
0001000000100001	1
0001000000001001	1
0001000000100101	1
0001000000100011	1
0001000000001011	1
0101000011100000	1
0101000010010000	1
0101000000000010	1
0101000010000010	1
0101000000000101	1
0101000000000011	1
1101000010000000	1
1101000011000000	1
1101000011100000	1
1101000000010000	1
1101000000000100	1
1101000000100010	1
1101000000000110	1
1101000000010110	1
1101000000000011	1
1101000010000011	1
1101000011100011	1
1101000000000111	1
1101000000001111	1
0011000000100000	1
0011000001100100	1
0011000000100010	1
0011000000001010	1
0011000000000101	1
0011000000000011	1
0011000011110011	1
0011000011100111	1
0011000011110111	1
1011000000000010	1
1011000000000001	1
1011000000100001	1
0111000000000100	1
0111000000000010	1
0111000001000010	1
0111000000000001	1
0111000000100001	1
0111000011010011	1
0111000000000111	1
0111000001001111	1
1111000010001010	1
1111000000000110	1
1111000000001110	1
1111000011001110	1
1111000000110101	1
1111000010000011	1
1111000011000011	1
1111000001100011	1
1111000000010011	1
1111000001001011	1
1111000011001011	1
1111000011011011	1
1111000000010111	1
1111000000110111	1
1111000011110111	1
1111000000001111	1
0000100010010000	1
0000100001001000	1
0000100010010100	1
0000100001010100	1
0000100000110100	1
0000100011110100	1
0000100011101100	1
0000100000011100	1
0000100000000010	1
0000100010000010	1
0000100000100010	1
0000100010110010	1
0000100010000110	1
0000100001000110	1
0000100001110110	1
0000100010000001	1
0000100000110001	1
0000100001000101	1
0000100000100101	1
0000100010000111	1
1000100000000000	1
1000100010000000	1
1000100011000000	1
1000100001000100	1
1000100011000100	1
1000100000100100	1
1000100011010100	1
1000100001000110	1
1000100000001110	1
1000100000000101	1
0100100001000000	1
0100100000100000	1
0100100001100100	1
0100100000010100	1
0100100000000010	1
1100100010000000	1
1100100000010000	1
1100100010000100	1
1100100001000100	1
1100100011001100	1
1100100000101100	1
1100100000000110	1
1100100000100110	1
1100100010100001	1
1100100000010001	1
1100100000000101	1
1100100011000111	1
0010100010000100	1
0010100001000100	1
0010100011000100	1
0010100000000010	1
0010100000000110	1
0010100000000001	1
0010100000100001	1
0010100011100001	1
0010100001000101	1
0010100000100101	1
0010100000000011	1
0010100011100111	1
1010100011000100	1
1010100000100100	1
1010100010010101	1
1010100000000011	1
0110100000000100	1
0110100000001100	1
0110100000000001	1
0110100010000001	1
0110100000010001	1
0110100000100101	1
0110100000000111	1
0110100010000111	1
0110100000100111	1
0110100011010111	1
0110100011001111	1
1110100000000000	1
1110100001000100	1
1110100000000110	1
1110100000000001	1
1110100000100001	1
1110100000100101	1
1110100010110101	1
1110100001000011	1
1110100011001011	1
1110100000000111	1
1110100000110111	1
1110100010001111	1
0001100001100000	1
0001100001010000	1
0001100000001000	1
0001100010000100	1
0001100001000100	1
0001100011000100	1
0001100001001100	1
0001100011001100	1
0001100001000010	1
0001100000100010	1
0001100010000110	1
0001100000100110	1
0001100011100110	1
0001100000001110	1
0001100010001110	1
0001100000000001	1
0001100000001001	1
0001100000100101	1
0001100011100101	1
0001100011010101	1
0001100011100111	1
1001100001000100	1
1001100000010100	1
1001100000001110	1
1001100010011011	1
0101100000000100	1
0101100000000111	1
0101100000010111	1
1101100000000000	1
1101100000101000	1
1101100000000100	1
1101100010000100	1
1101100001000100	1
1101100000000010	1
1101100011000110	1
1101100000100110	1
1101100001100110	1
1101100000010011	1
1101100000100111	1
1101100000010111	1
1101100001101111	1
1101100011101111	1
0011100000000100	1
0011100010000100	1
0011100001000100	1
0011100010010100	1
0011100011010100	1
0011100001110100	1
0011100000000110	1
0011100001000110	1
0011100010101110	1
0011100000010001	1
0011100000100111	1
0011100001100111	1
0011100011110111	1
0011100000001111	1
1011100000000100	1
1011100011110101	1
1011100011000011	1
1011100001010011	1
1011100000000111	1
1011100011010111	1
1011100010111111	1
0111100001000110	1
0111100001101110	1
0111100000011110	1
0111100011000101	1
0111100011110101	1
0111100000000111	1
0111100001000111	1
0111100011000111	1
0111100000100111	1
0111100011101111	1
0111100011111111	1
1111100000000010	1
1111100001000110	1
1111100011010110	1
1111100011110110	1
1111100001011110	1
1111100000010101	1
1111100000110101	1
1111100011000011	1
1111100000011011	1
1111100010000111	1
1111100000010111	1
1111100010010111	1
1111100001010111	1
1111100011010111	1
1111100010110111	1
1111100001110111	1
1111100011110111	1
1111100001001111	1
1111100011101111	1
1111100011011111	1
0000010011000000	1
0000010000100000	1
0000010010100000	1
0000010001100000	1
0000010011100000	1
0000010000110000	1
0000010001011000	1
0000010011111000	1
0000010001101100	1
0000010000011100	1
0000010001011100	1
0000010000111100	1
0000010000100010	1
0000010010001010	1
0000010000101010	1
0000010000011010	1
0000010001100110	1
0000010000011110	1
0000010000000001	1
0000010010000001	1
0000010000001001	1
0000010001001001	1
0000010011001001	1
0000010000011001	1
0000010000001101	1
0000010011001101	1
0000010000001011	1
1000010000001100	1
1000010010001100	1
1000010000101001	1
0100010001001000	1
0100010000000100	1
0100010001100100	1
0100010000000010	1
0100010000101110	1
0100010011001001	1
1100010011001000	1
1100010001011000	1
1100010010001100	1
1100010011001100	1
1100010000001001	1
1100010000011001	1
1100010011111111	1
0010010011001000	1
0010010000101000	1
0010010000011000	1
0010010000001100	1
0010010000000010	1
0010010000001010	1
0010010000101010	1
0010010000000001	1
0010010000001001	1
0010010010001001	1
0010010000101001	1
0010010001101001	1
0010010011001101	1
0010010000101011	1
0010010000101111	1
1010010000001000	1
1010010000010001	1
1010010000001001	1
1010010000001101	1
0110010000001001	1
0110010011001001	1
0110010010001011	1
1110010000000000	1
1110010000101100	1
1110010011001010	1
1110010000000001	1
1110010001001001	1
1110010011001001	1
1110010001101001	1
1110010000011001	1
1110010000000101	1
1110010010000011	1
1110010000001011	1
1110010011101011	1
1110010001111011	1
1110010011111011	1
1110010000101111	1
1110010011011111	1
0001010001000000	1
0001010000011000	1
0001010000000100	1
0001010000001100	1
0001010010000010	1
0001010011001010	1
0001010001101010	1
0001010000011010	1
0001010000111010	1
0001010001110110	1
0001010000001110	1
0001010000001001	1
0001010001111011	1
1001010000101000	1
1001010000011101	1
0101010000001000	1
0101010001001011	1
0101010011001011	1
0101010001011011	1
1101010011101000	1
1101010000001100	1
1101010000000010	1
1101010011001010	1
1101010010001011	1
1101010011001011	1
1101010000101011	1
0011010000000000	1
0011010000001000	1
0011010000101000	1
0011010000001100	1
0011010011000010	1
0011010000001010	1
0011010000100001	1
0011010000000011	1
0011010000001011	1
0011010011001011	1
0011010000101011	1
0011010011101011	1
0011010011011011	1
1011010000001010	1
1011010011010011	1
1011010011011011	1
1011010010001111	1
0111010000001101	1
0111010010000011	1
0111010010001011	1
0111010000101011	1
0111010001011011	1
0111010011111011	1
0111010011001111	1
1111010011001010	1
1111010000001110	1
1111010011001110	1
1111010011011001	1
1111010011010101	1
1111010011101101	1
1111010011111101	1
1111010000000011	1
1111010011000011	1
1111010000100011	1
1111010011010011	1
1111010011110011	1
1111010010001011	1
1111010001001011	1
1111010011111011	1
1111010010001111	1
1111010000101111	1
1111010011011111	1
1111010000111111	1
1111010011111111	1
0000110001000000	1
0000110000100000	1
0000110010001000	1
0000110001001000	1
0000110010000100	1
0000110011000100	1
0000110011101100	1
0000110010011100	1
0000110000111100	1
0000110000000010	1
0000110001100010	1
0000110010101010	1
0000110010001110	1
0000110011011110	1
0000110000000001	1
0000110000001001	1
0000110000000101	1
0000110000001101	1
0000110011001101	1
0000110000101111	1
1000110000001000	1
1000110000101000	1
1000110000000100	1
0100110000001000	1
0100110000101000	1
0100110000001011	1
1100110000000100	1
1100110001000100	1
1100110000011100	1
1100110011101110	1
1100110000001101	1
1100110011111101	1
1100110000101111	1
1100110011101111	1
0010110010001000	1
0010110000111000	1
0010110000000100	1
0010110001000100	1
0010110000001100	1
0010110001101100	1
0010110011101100	1
0010110000111100	1
0010110000001001	1
0010110000100101	1
0010110000101101	1
0010110011011101	1
0010110011001111	1
0010110011011111	1
0010110010111111	1
1010110000001101	1
1010110000101101	1
1010110001011101	1
1010110000001111	1
1010110000011111	1
0110110000001100	1
0110110000001101	1
0110110001101101	1
0110110011010111	1
1110110000001100	1
1110110011001110	1
1110110010011110	1
1110110001101001	1
1110110000001011	1
1110110000000111	1
1110110011100111	1
1110110010101111	1
1110110011011111	1
1110110011111111	1
0001110000101000	1
0001110000101100	1
0001110000001010	1
0001110000101010	1
0001110000001110	1
0001110000000001	1
0001110000011001	1
0001110000001011	1
0001110011001011	1
0001110000000111	1
0001110010001111	1
0001110011111111	1
1001110000001100	1
1001110011011100	1
1001110000001110	1
0101110001101100	1
0101110000001110	1
0101110011101111	1
1101110011100010	1
1101110011010110	1
1101110011001110	1
1101110011001101	1
1101110011011101	1
1101110000001011	1
1101110000010111	1
1101110001101111	1
1101110000011111	1
1101110001011111	1
1101110011011111	1
0011110000001100	1
0011110011000110	1
0011110000000101	1
0011110000001101	1
0011110011001101	1
0011110000011011	1
0011110000010111	1
0011110011110111	1
0011110010001111	1
0011110000101111	1
0011110011111111	1
1011110001100111	1
1011110001001111	1
1011110000011111	1
0111110000000110	1
0111110000001110	1
0111110011011110	1
0111110000001011	1
0111110011011011	1
0111110010001111	1
0111110011001111	1
0111110011111111	1
1111110011101010	1
1111110011010110	1
1111110011101110	1
1111110011011110	1
1111110011111110	1
1111110011010001	1
1111110010110101	1
1111110000001101	1
1111110001001101	1
1111110000101101	1
1111110010011101	1
1111110011111101	1
1111110010010011	1
1111110001000111	1
1111110000100111	1
1111110010100111	1
1111110011100111	1
1111110000010111	1
1111110001001111	1
1111110001011111	1
1111110000111111	1
0000001010011000	1
0000001000010100	1
0000001011010100	1
0000001000000010	1
0000001000010010	1
0000001011110010	1
0000001000010001	1
0000001000011001	1
0000001000010101	1
0000001000010011	1
1000001001010000	1
1000001011010000	1
1000001000110000	1
1000001000000100	1
1000001011110100	1
1000001011100111	1
0100001001010000	1
0100001000110000	1
0100001000011000	1
1100001010000000	1
1100001011010000	1
1100001011110000	1
1100001011111000	1
1100001011100011	1
1100001011101111	1
0010001010000000	1
0010001000100000	1
0010001011010000	1
0010001000000001	1
0010001010010001	1
0010001011110001	1
0010001001110011	1
1010001001010001	1
1010001000110001	1
1010001011011011	1
1010001001010111	1
1010001011110111	1
0110001011111000	1
0110001011110011	1
0110001000011011	1
0110001011011111	1
1110001011010000	1
1110001011110000	1
1110001011001110	1
1110001011000001	1
1110001000001001	1
1110001000100011	1
1110001011010011	1
1110001000110011	1
1110001011110111	1
1110001011011111	1
0001001010000000	1
0001001001010000	1
0001001011010000	1
0001001000110000	1
0001001000001000	1
0001001010001000	1
0001001011111000	1
0001001001000010	1
0001001010010010	1
0001001001010010	1
0001001011010010	1
0001001011010110	1
0001001011001110	1
0001001010000011	1
0001001011000011	1
0001001011010011	1
1001001000110000	1
1001001000010101	1
1001001011010011	1
1001001011010111	1
0101001000010000	1
0101001000010100	1
1101001000010000	1
1101001000010010	1
1101001011010110	1
1101001001111001	1
1101001001100011	1
1101001011110011	1
1101001011011011	1
1101001011111011	1
1101001010110111	1
1101001011001111	1
0011001000000000	1
0011001001010000	1
0011001000000010	1
0011001000000011	1
0011001000010011	1
0011001011001011	1
0011001001010111	1
0011001000110111	1
0011001011110111	1
1011001000000010	1
1011001000000011	1
1011001011010011	1
0111001001000000	1
0111001011000001	1
0111001011111001	1
0111001001110011	1
0111001011110011	1
0111001001111011	1
0111001011011111	1
1111001011010010	1
1111001000011010	1
1111001011111010	1
1111001010110110	1
1111001011110110	1
1111001000000001	1
1111001000010001	1
1111001010010001	1
1111001001100011	1
1111001010001011	1
1111001001001011	1
1111001011001011	1
1111001000101011	1
1111001011011011	1
1111001000111011	1
1111001011111011	1
1111001010000111	1
1111001011000111	1
1111001011100111	1
1111001010010111	1
1111001010011111	1
0000101010000000	1
0000101001000000	1
0000101000100000	1
0000101011010000	1
0000101010110000	1
0000101001110000	1
0000101011110000	1
0000101011100100	1
0000101000110100	1
0000101000001010	1
0000101000100110	1
0000101000000101	1
0000101001010101	1
0000101010010011	1
0000101011000111	1
1000101000110000	1
1000101011110000	1
1000101000000100	1
1000101001110100	1
1000101000000010	1
1000101000010010	1
1000101011010110	1
0100101010000100	1
0100101010100100	1
0100101001100100	1
0100101010010100	1
0100101000110100	1
0100101011110100	1
0100101000001100	1
0100101010111101	1
1100101000000000	1
1100101011100000	1
1100101011010000	1
1100101000000100	1
1100101001000100	1
1100101000010100	1
1100101010010100	1
1100101000011100	1
1100101000010101	1
1100101010000111	1
1100101011100111	1
0010101011000100	1
0010101011100100	1
0010101010010110	1
0010101011010110	1
0010101001010001	1
0010101011000101	1
0010101000010101	1
0010101001110011	1
0010101011110011	1
0010101011010111	1
0010101001001111	1
0010101011011111	1
0010101011111111	1
1010101011111110	1
1010101011110101	1
1010101011000111	1
1010101000110111	1
1010101001111111	1
0110101001010111	1
0110101011011111	1
1110101011010010	1
1110101001110110	1
1110101011001110	1
1110101011101110	1
1110101010010001	1
1110101011000101	1
1110101000010011	1
1110101011010011	1
1110101011110011	1
1110101001011011	1
1110101000000111	1
1110101001100111	1
1110101000010111	1
1110101001110111	1
1110101000001111	1
1110101011011111	1
0001101000000000	1
0001101010110000	1
0001101011110000	1
0001101000010100	1
0001101001010100	1
0001101000110100	1
0001101011100010	1
0001101000010110	1
0001101000010011	1
0001101011111011	1
0001101000010111	1
1001101000000110	1
1001101000010111	1
1001101011010111	1
1001101011110111	1
1001101000001111	1
1001101011011111	1
0101101000010100	1
0101101000000010	1
0101101010011110	1
0101101010010111	1
0101101011101111	1
1101101011010000	1
1101101011100100	1
1101101011010110	1
1101101011110110	1
1101101011010101	1
1101101011110101	1
1101101011110011	1
1101101011000111	1
1101101001110111	1
1101101011101111	1
1101101011011111	1
1101101011111111	1
0011101000001100	1
0011101001110110	1
0011101011001110	1
0011101011010001	1
0011101010000101	1
0011101011000011	1
0011101011100011	1
0011101011010011	1
0011101011011011	1
0011101011111011	1
0011101000000111	1
0011101000010111	1
0011101010010111	1
0011101010110111	1
0011101001110111	1
0011101001001111	1
0011101011001111	1
0011101011101111	1
1011101011010110	1
1011101011110110	1
1011101011001001	1
1011101000000011	1
1011101001000111	1
1011101000100111	1
1011101010111111	1
0111101011010001	1
0111101010111101	1
0111101001000111	1
0111101011100111	1
0111101011011111	1
0111101010111111	1
1111101011000100	1
1111101011110100	1
1111101011111100	1
1111101011000110	1
1111101010111110	1
1111101011111110	1
1111101011010001	1
1111101011100101	1
1111101010010101	1
1111101011101101	1
1111101000010011	1
1111101010110011	1
1111101000011011	1
1111101001000111	1
1111101000100111	1
1111101001010111	1
1111101000110111	1
1111101010110111	1
1111101000001111	1
1111101011101111	1
1111101010011111	1
1111101001011111	1
1111101010111111	1
0000011011000000	1
0000011010100000	1
0000011011010000	1
0000011010001000	1
0000011010101000	1
0000011000111000	1
0000011001111000	1
0000011010001100	1
0000011011001100	1
0000011011011100	1
0000011011010010	1
0000011001111110	1
0000011000011001	1
0000011000011011	1
1000011000000000	1
1000011011001000	1
1000011000011000	1
1000011011011000	1
1000011011011100	1
1000011000100010	1
0100011001100000	1
0100011010110000	1
0100011000001000	1
0100011011101101	1
1100011000000000	1
1100011001000000	1
1100011000001100	1
1100011010010010	1
0010011000011000	1
0010011011011000	1
0010011000011100	1
0010011011010011	1
1010011001111011	1
1010011011111011	1
0110011011001010	1
0110011011110011	1
0110011001101011	1
0110011000010111	1
1110011011011010	1
1110011000001001	1
1110011011111001	1
1110011001010011	1
1110011011011011	1
1110011000110111	1
1110011011011111	1
1110011000111111	1
1110011001111111	1
0001011001000000	1
0001011011010000	1
0001011000001000	1
0001011000011010	1
0001011001111010	1
0001011000010110	1
0001011010111001	1
0001011001101011	1
0001011011011011	1
0001011011111011	1
1001011011111110	1
1001011011011111	1
0101011000001000	1
0101011001011000	1
0101011011111001	1
0101011011110101	1
0101011000011101	1
0101011011101011	1
0101011011011111	1
0101011011111111	1
1101011000001000	1
1101011010101000	1
1101011011011000	1
1101011010011010	1
1101011011100011	1
1101011010011011	1
1101011001011011	1
1101011011001111	1
1101011001011111	1
0011011000001000	1
0011011011110010	1
0011011000011010	1
0011011001011010	1
0011011011011010	1
0011011000000011	1
0011011011001011	1
0011011010011011	1
0011011001011011	1
0011011001111011	1
0011011010011111	1
0011011001111111	1
1011011011011010	1
1011011010011001	1
1011011011111001	1
1011011011110101	1
1011011011101011	1
1011011000011011	1
1011011010011011	1
1011011011011011	1
1011011000010111	1
1011011011010111	1
1011011011001111	1
1011011010101111	1
1011011000011111	1
1011011001011111	1
1011011000111111	1
1011011011111111	1
0111011011011010	1
0111011011010011	1
0111011011101011	1
0111011000001111	1
0111011010001111	1
0111011001001111	1
0111011011001111	1
0111011011011111	1
0111011011111111	1
1111011011101010	1
1111011011011010	1
1111011001111010	1
1111011011101110	1
1111011001111110	1
1111011011101001	1
1111011010111001	1
1111011011111001	1
1111011001000101	1
1111011011101101	1
1111011010011101	1
1111011010111101	1
1111011011110011	1
1111011010111011	1
1111011001111011	1
1111011010000111	1
1111011011010111	1
1111011000001111	1
1111011011001111	1
1111011000101111	1
1111011011101111	1
1111011000111111	1
0000111000101000	1
0000111000111000	1
0000111000010100	1
0000111010001100	1
0000111011001100	1
0000111000111100	1
0000111011011010	1
0000111001001110	1
0000111000010101	1
0000111000001101	1
0000111010111111	1
1000111011111100	1
0100111000001100	1
0100111000011110	1
1100111000011100	1
1100111011011100	1
1100111000001110	1
1100111010011110	1
1100111000000001	1
1100111010001111	1
1100111011011111	1
1100111011111111	1
0010111010101110	1
0010111011011110	1
0010111000000101	1
0010111000001101	1
0010111001010011	1
0010111010011111	1
1010111010111101	1
1010111001111101	1
1010111011110111	1
1010111011001111	1
1010111011011111	1
1010111000111111	1
0110111011011010	1
0110111000001110	1
0110111001011001	1
0110111001111011	1
0110111010011111	1
0110111011011111	1
0110111011111111	1
1110111001111100	1
1110111011010110	1
1110111010011110	1
1110111011101001	1
1110111011111001	1
1110111011010101	1
1110111011101101	1
1110111000001011	1
1110111000011011	1
1110111011111011	1
1110111011000111	1
1110111011010111	1
1110111011110111	1
1110111010001111	1
1110111011001111	1
1110111001011111	1
0001111000001000	1
0001111001101000	1
0001111000101100	1
0001111000011100	1
0001111011111100	1
0001111000000110	1
0001111000001110	1
0001111010011110	1
0001111011011110	1
0001111001001111	1
0001111001011111	1
0001111000111111	1
1001111011011010	1
1001111001111110	1
1001111001011111	1
1001111000111111	1
1001111010111111	1
1001111001111111	1
1001111011111111	1
0101111011101110	1
0101111011111110	1
0101111001111001	1
0101111011111101	1
0101111011111011	1
0101111011011111	1
0101111001111111	1
0101111011111111	1
1101111001110110	1
1101111011001110	1
1101111000011110	1
1101111010111110	1
1101111010011011	1
1101111011100111	1
1101111011010111	1
1101111011110111	1
1101111001101111	1
1101111000011111	1
1101111010011111	1
1101111001011111	1
1101111010111111	1
0011111011111100	1
0011111010001010	1
0011111011111010	1
0011111000011110	1
0011111010010101	1
0011111011001011	1
0011111001111011	1
0011111010000111	1
0011111011100111	1
0011111011010111	1
0011111011110111	1
0011111010001111	1
0011111011001111	1
0011111000111111	1
0011111001111111	1
1011111011011100	1
1011111011001110	1
1011111011101110	1
1011111000011110	1
1011111001011110	1
1011111011111001	1
1011111000101011	1
1011111000000111	1
1011111011000111	1
1011111001100111	1
1011111011010111	1
1011111011001111	1
1011111010011111	1
1011111010111111	1
0111111000011000	1
0111111011111110	1
0111111011011101	1
0111111000001011	1
0111111000101011	1
0111111001101011	1
0111111011011011	1
0111111010100111	1
0111111000001111	1
0111111001011111	1
0111111001111111	1
1111111011111100	1
1111111000010010	1
1111111011111010	1
1111111011110110	1
1111111000001110	1
1111111010001110	1
1111111011001110	1
1111111000101110	1
1111111011110001	1
1111111011110101	1
1111111011001101	1
1111111011101101	1
1111111010011101	1
1111111001111101	1
1111111010010011	1
1111111011010011	1
1111111010101011	1
1111111011101011	1
1111111010011011	1
1111111001011011	1
1111111001111011	1
1111111001000111	1
1111111011100111	1
1111111001001111	1
1111111000101111	1
1111111001101111	1
0000000110010000	1
0000000101010000	1
0000000111010000	1
0000000110110000	1
0000000111001000	1
0000000101101000	1
0000000100011000	1
0000000111111000	1
0000000110000100	1
0000000101000010	1
0000000111000010	1
0000000111100010	1
0000000111110010	1
0000000100001010	1
0000000100101010	1
0000000111111010	1
0000000100100110	1
0000000110101110	1
0000000110000001	1
0000000111010001	1
0000000100100101	1
1000000110000000	1
1000000110100000	1
1000000101100000	1
1000000100100100	1
0100000101100000	1
0100000100100100	1
0100000111110100	1
0100000100000010	1
0100000101100010	1
1100000110000000	1
1100000101010000	1
1100000100100100	1
1100000101100100	1
1100000111100100	1
1100000100110100	1
1100000100100110	1
1100000110000001	1
1100000111100001	1
1100000101000101	1
0010000100101000	1
0010000110101000	1
0010000100000100	1
0010000110000100	1
0010000100000010	1
0010000101000001	1
0010000111000001	1
0010000101100001	1
0010000111000011	1
0010000110110011	1
0010000110110111	1
1010000100000000	1
1010000101000000	1
1010000100000001	1
1010000111101111	1
0110000100100000	1
0110000101100000	1
0110000111010011	1
1110000101100001	1
1110000111111001	1
1110000111000011	1
1110000100010011	1
1110000100100111	1
0001000101100000	1
0001000100010000	1
0001000101110000	1
0001000100101000	1
0001000101000100	1
0001000100100100	1
0001000111100100	1
0001000110000010	1
0001000101000010	1
0001000110100010	1
0001000100010010	1
0001000100101010	1
0001000111100110	1
0001000100000001	1
0001000100100001	1
0001000100000101	1
0001000110100011	1
1001000110000000	1
1001000100010000	1
1001000100000010	1
0101000100000000	1
0101000100100000	1
0101000111110000	1
0101000111110100	1
0101000111100011	1
1101000111110000	1
1101000100000100	1
1101000101000010	1
1101000100100010	1
1101000111100010	1
1101000100100110	1
1101000100000001	1
1101000110100011	1
1101000111100111	1
1101000111010111	1
0011000101000000	1
0011000100100010	1
0011000101100010	1
0011000100100011	1
0011000111010011	1
0011000111101011	1
0011000100101111	1
0011000111101111	1
1011000100100001	1
1011000111001011	1
1011000111100111	1
1011000111101111	1
0111000111010001	1
0111000111110011	1
1111000100000000	1
1111000111100000	1
1111000100111110	1
1111000101100001	1
1111000100110001	1
1111000111100101	1
1111000101000011	1
1111000110100011	1
1111000101100011	1
1111000111100011	1
1111000110100111	1
1111000111010111	1
1111000111110111	1
1111000110111111	1
0000100110000000	1
0000100111110000	1
0000100100001000	1
0000100101001000	1
0000100111111000	1
0000100111000100	1
0000100110100100	1
0000100101010100	1
0000100101110100	1
0000100111110100	1
0000100100101100	1
0000100101101100	1
0000100101111100	1
0000100100000010	1
0000100100000110	1
0000100100000001	1
0000100101101001	1
0000100101100101	1
0000100100100011	1
0000100100100111	1
1000100100000000	1
1000100110000100	1
1000100100100100	1
1000100111100100	1
1000100100010100	1
1000100111110100	1
1000100110100101	1
0100100100100000	1
0100100101000100	1
0100100111100100	1
0100100100000101	1
1100100100000000	1
1100100100100000	1
1100100101000100	1
1100100100110100	1
1100100100101100	1
1100100111110010	1
1100100101110110	1
1100100100000001	1
0010100100110000	1
0010100100100001	1
0010100100100101	1
0010100111010111	1
1010100111100100	1
0110100100100100	1
0110100101000101	1
0110100101110111	1
0110100111101111	1
1110100100000000	1
1110100101100001	1
1110100100000101	1
1110100101000101	1
1110100100100101	1
1110100101111101	1
1110100100000011	1
1110100100100111	1
1110100111100111	1
1110100111010111	1
1110100101110111	1
1110100111110111	1
1110100110011111	1
1110100110111111	1
0001100101100000	1
0001100111100000	1
0001100100100100	1
0001100101100100	1
0001100100110100	1
0001100111000010	1
0001100111000110	1
0001100101011110	1
0001100100100001	1
0001100110111101	1
1001100100000000	1
1001100100100111	1
0101100110100111	1
1101100100100000	1
1101100100000100	1
1101100111000100	1
1101100111010100	1
1101100111000110	1
1101100101100110	1
1101100111000011	1
1101100111000111	1
1101100111100111	1
1101100111110111	1
1101100100001111	1
1101100110101111	1
1101100111101111	1
0011100100000100	1
0011100100100100	1
0011100100000101	1
0011100100100101	1
0011100111100101	1
0011100100100011	1
0011100111100011	1
0011100110100111	1
0011100110010111	1
0011100111101111	1
0011100111111111	1
1011100111100110	1
1011100110110110	1
1011100100100111	1
1011100101100111	1
1011100111100111	1
1011100100010111	1
0111100111100110	1
0111100111111001	1
0111100101100111	1
0111100111010111	1
1111100111111010	1
1111100111100110	1
1111100111010110	1
1111100110110110	1
1111100111101110	1
1111100111111110	1
1111100110100101	1
1111100111100101	1
1111100110110101	1
1111100111110101	1
1111100111101101	1
1111100111100011	1
1111100110111011	1
1111100100000111	1
1111100111000111	1
1111100101101111	1
0000010110000000	1
0000010101000000	1
0000010111000000	1
0000010110100000	1
0000010101100000	1
0000010111100000	1
0000010110001000	1
0000010100111000	1
0000010100000100	1
0000010111111100	1
0000010110010010	1
0000010101001010	1
0000010100101010	1
0000010101101010	1
0000010111001001	1
0000010100001011	1
1000010100000000	1
1000010100100000	1
1000010111100000	1
1000010110010000	1
1000010100001000	1
0100010110001000	1
0100010100101000	1
0100010111101000	1
0100010111111000	1
0100010111111100	1
0100010100101111	1
1100010101010000	1
1100010101001000	1
1100010101101000	1
1100010111101000	1
1100010111011000	1
1100010101111000	1
1100010100111100	1
1100010100100010	1
1100010111001011	1
1100010111101111	1
0010010110000000	1
0010010100001000	1
0010010101101100	1
0010010111001001	1
0010010100011001	1
0010010100101011	1
0010010111111111	1
1010010110101110	1
1010010111101011	1
0110010110001001	1
0110010100101001	1
0110010111111111	1
1110010111110000	1
1110010111101000	1
1110010111101001	1
1110010111100011	1
1110010111101011	1
1110010111100111	1
1110010101001111	1
1110010100111111	1
0001010100000000	1
0001010101101000	1
0001010100000100	1
0001010111101100	1
0001010111100011	1
0001010111101111	1
1001010100101000	1
0101010111111011	1
1101010110111110	1
1101010110111011	1
1101010111111111	1
0011010100111000	1
0011010110101010	1
0011010111100001	1
0011010100101001	1
0011010111000011	1
0011010111101011	1
0011010101100111	1
0011010111110111	1
0011010110111111	1
1011010111111110	1
1011010111101001	1
1011010100101011	1
1011010110101111	1
1011010110111111	1
1011010101111111	1
0111010100101000	1
0111010111101010	1
0111010101111011	1
0111010111111011	1
0111010111001111	1
1111010110111000	1
1111010100001010	1
1111010111110110	1
1111010111101110	1
1111010111100001	1
1111010100101001	1
1111010100001101	1
1111010101111101	1
1111010111111101	1
1111010110110011	1
1111010111110011	1
1111010101001011	1
1111010111001011	1
1111010100101011	1
1111010111011011	1
1111010100100111	1
1111010110001111	1
1111010100101111	1
1111010110101111	1
1111010101101111	1
1111010110011111	1
1111010101111111	1
0000110111110000	1
0000110101001000	1
0000110101101000	1
0000110100011000	1
0000110111111000	1
0000110111000100	1
0000110111110100	1
0000110110001100	1
0000110100011100	1
0000110111001010	1
0000110100101010	1
0000110101101101	1
0000110111101101	1
1000110111001000	1
1000110100001110	1
0100110100001000	1
0100110111101000	1
0100110100101100	1
0100110100111011	1
0100110110101111	1
1100110100101100	1
1100110101100110	1
1100110110001111	1
1010110100101100	1
1010110111101101	1
1010110100100111	1
1010110100101111	1
1010110101101111	1
1010110111111111	1
0110110111101101	1
0110110111101111	1
0110110110111111	1
0110110111111111	1
1110110111111100	1
1110110110101110	1
1110110111101110	1
1110110111101001	1
1110110111110101	1
1110110110101101	1
1110110111101101	1
1110110111011101	1
1110110101101011	1
1110110111011011	1
1110110111100111	1
1110110111110111	1
1110110110001111	1
1110110110101111	1
1110110101101111	1
1110110111111111	1
0001110111110000	1
0001110100101100	1
0001110111111100	1
0001110100001010	1
0001110110110110	1
0001110110101110	1
0001110111011110	1
0001110111100101	1
0001110111111111	1
1001110110101100	1
1001110111101111	1
1001110100111111	1
0101110111101110	1
0101110100111111	1
0101110110111111	1
1101110111010010	1
1101110111011110	1
1101110111111101	1
1101110100101011	1
1101110111111011	1
1101110111110111	1
1101110100001111	1
1101110101101111	1
1101110110111111	1
1101110101111111	1
1101110111111111	1
0011110101001000	1
0011110111100110	1
0011110111111101	1
0011110111110011	1
0011110101101011	1
0011110101001111	1
0011110100101111	1
0011110100111111	1
0011110110111111	1
1011110110001010	1
1011110111111010	1
1011110111111110	1
1011110111101101	1
1011110111001011	1
1011110101011011	1
1011110111111011	1
1011110111110111	1
1011110100001111	1
1011110101001111	1
1011110100101111	1
1011110101101111	1
1011110110111111	1
0111110100101110	1
0111110110011110	1
0111110111110011	1
0111110111101011	1
0111110100100111	1
0111110101101111	1
0111110110011111	1
1111110111110100	1
1111110100101100	1
1111110111111010	1
1111110110101110	1
1111110100111110	1
1111110110111110	1
1111110111111110	1
1111110110101001	1
1111110111101001	1
1111110111100101	1
1111110111110101	1
1111110100001101	1
1111110111001101	1
1111110101101101	1
1111110111011101	1
1111110110111101	1
1111110101111101	1
1111110111111101	1
1111110101001011	1
1111110110101011	1
1111110111011011	1
1111110100100111	1
1111110111100111	1
1111110101001111	1
1111110110011111	1
0000001111000000	1
0000001111011000	1
0000001100111000	1
0000001111111000	1
0000001110100100	1
0000001111111100	1
0000001101000010	1
0000001111000010	1
0000001111111010	1
0000001100100001	1
0000001111110001	1
0000001111111001	1
0000001111110101	1
0000001100100011	1
0000001111110111	1
1000001100000000	1
1000001100100000	1
1000001100110000	1
1000001111110100	1
1000001111101010	1
0100001100010000	1
0100001110110000	1
0100001111110000	1
0100001111100100	1
0100001111110001	1
1100001101000000	1
1100001111100000	1
1100001100110000	1
1100001101110000	1
1100001101010100	1
1100001111000010	1
1100001100110010	1
1100001111100011	1
1100001101010011	1
1100001101110011	1
1100001111110011	1
1100001111110111	1
0010001101100000	1
0010001100110000	1
0010001110110000	1
0010001101110000	1
0010001100001000	1
0010001101110010	1
0010001111010001	1
0010001111101011	1
0010001110111011	1
0010001101110111	1
1010001111110011	1
1010001101011111	1
1010001111111111	1
0110001100101000	1
0110001111110110	1
0110001110110001	1
0110001111100011	1
0110001111110111	1
1110001111110000	1
1110001110010011	1
1110001111110111	1
1110001111111111	1
0001001100000000	1
0001001101100000	1
0001001101110000	1
0001001100100100	1
0001001111110010	1
0001001100010001	1
0001001110110001	1
0001001111010011	1
0001001111110011	1
0001001111011011	1
0001001110111011	1
1001001111110000	1
1001001111110001	1
1001001111110011	1
1001001111110111	1
0101001111110100	1
0101001100000010	1
0101001101111110	1
1101001100100000	1
1101001110100000	1
1101001111100000	1
1101001111010010	1
1101001101100101	1
1101001111010011	1
1101001101101011	1
1101001111111011	1
0011001110110000	1
0011001100010010	1
0011001111110010	1
0011001101100001	1
0011001100110001	1
0011001101110001	1
0011001111110001	1
0011001100100011	1
0011001100110011	1
0011001110110011	1
0011001111110111	1
0011001101101111	1
1011001111010000	1
1011001111110010	1
1011001111100110	1
1011001111110110	1
1011001111011001	1
1011001111000011	1
1011001111100011	1
1011001111010011	1
1011001111110011	1
1011001111101011	1
1011001111010111	1
1011001111110111	1
1011001110101111	1
1011001101111111	1
0111001101110010	1
0111001110110110	1
0111001111110001	1
0111001111001001	1
0111001101011101	1
0111001100110011	1
0111001111011011	1
0111001111111011	1
0111001111010111	1
0111001100111111	1
0111001111111111	1
1111001110110010	1
1111001101110110	1
1111001110110001	1
1111001111110001	1
1111001110110101	1
1111001111110101	1
1111001111101101	1
1111001100100011	1
1111001101100011	1
1111001100010011	1
1111001110010011	1
1111001101011011	1
1111001101100111	1
1111001100010111	1
1111001110110111	1
1111001111101111	1
0000101101000100	1
0000101110100100	1
0000101101100100	1
0000101100010100	1
0000101101010100	1
0000101110110100	1
0000101101110100	1
0000101111111100	1
0000101111110010	1
0000101100100110	1
0000101101010110	1
0000101100100001	1
0000101111010101	1
0000101100111101	1
0000101110110111	1
0000101111110111	1
1000101100100000	1
1000101111110000	1
1000101101110100	1
0100101100110000	1
0100101111100100	1
1100101100100000	1
1100101111100000	1
1100101101100100	1
1100101111100100	1
1100101110110110	1
1100101101101011	1
1100101100100111	1
1100101100110111	1
1100101111110111	1
0010101111110100	1
0010101110110110	1
0010101111111110	1
0010101101110001	1
0010101111010101	1
0010101111110011	1
0010101111110111	1
1010101110111101	1
1010101111010111	1
1010101111110111	1
1010101110111111	1
0110101100110101	1
0110101111110011	1
0110101111010111	1
0110101111111111	1
1110101101110100	1
1110101111110110	1
1110101111110001	1
1110101111010101	1
1110101110110101	1
1110101101101101	1
1110101111111101	1
1110101110110011	1
1110101111110011	1
1110101101111011	1
1110101101110111	1
1110101100111111	1
1110101101111111	1
0001101101110000	1
0001101101000100	1
0001101101100100	1
0001101111010100	1
0001101110110100	1
0001101101110100	1
0001101111100110	1
0001101110010110	1
0001101111101110	1
0001101111111101	1
0001101111010111	1
1001101110100110	1
1001101111100111	1
0101101111010110	1
0101101100110110	1
0101101110000101	1
0101101101110111	1
0101101111110111	1
0101101111101111	1
0101101110111111	1
1101101101110010	1
1101101100110110	1
1101101110110110	1
1101101111111110	1
1101101111111011	1
1101101101010111	1
1101101111010111	1
1101101100110111	1
1101101111101111	1
1101101111011111	1
0011101111111100	1
0011101110111010	1
0011101110010110	1
0011101101001110	1
0011101111111110	1
0011101101110001	1
0011101111100101	1
0011101100110101	1
0011101111100011	1
0011101111111011	1
0011101110100111	1
0011101101100111	1
0011101111100111	1
0011101110010111	1
0011101110101111	1
0011101101111111	1
1011101100000100	1
1011101111110110	1
1011101100111110	1
1011101111010011	1
1011101110110011	1
1011101111110011	1
1011101100110111	1
1011101101110111	1
1011101101001111	1
1011101100011111	1
1011101111111111	1
0111101101111110	1
0111101101110101	1
0111101111111011	1
0111101100110111	1
0111101101110111	1
1111101101100100	1
1111101111110100	1
1111101100010110	1
1111101110010110	1
1111101100011110	1
1111101111011110	1
1111101101111110	1
1111101101100001	1
1111101111100001	1
1111101111000101	1
1111101101100101	1
1111101100110101	1
1111101101000011	1
1111101111000011	1
1111101111010011	1
1111101101111011	1
1111101111111011	1
1111101101000111	1
1111101100100111	1
1111101100010111	1
1111101100110111	1
1111101100001111	1
1111101100101111	1
0000011110100000	1
0000011100110000	1
0000011101011000	1
0000011101111000	1
0000011100110100	1
0000011100101100	1
0000011111110110	1
0000011100011101	1
0000011111111011	1
1000011101110000	1
1000011100101000	1
1000011100111000	1
1000011111111000	1
1000011111101111	1
0100011101101000	1
0100011101111000	1
0100011111111000	1
0100011101111100	1
0100011111111100	1
0100011100111010	1
0100011111011111	1
1100011100100000	1
1100011111110000	1
1100011100101000	1
1100011111101000	1
1100011100101010	1
1100011111001110	1
1100011111111101	1
1100011110111011	1
1100011111111011	1
1100011111111111	1
0010011101100000	1
0010011111111110	1
0010011111110101	1
0010011101011101	1
0010011111100011	1
0010011111011011	1
0010011101110111	1
0010011110011111	1
1010011110101011	1
0110011101010011	1
0110011111101011	1
0110011111011011	1
0110011100111011	1
0110011111110111	1
0110011101111111	1
1110011111111010	1
1110011111101110	1
1110011111101001	1
1110011111000011	1
1110011111100011	1
1110011101010011	1
1110011111110011	1
1110011111001011	1
1110011111100111	1
1110011111110111	1
1110011111101111	1
1110011110011111	1
1110011111111111	1
0001011111111000	1
0001011101100010	1
0001011111101010	1
0001011100001110	1
0001011100011111	1
1001011110101000	1
1001011111111010	1
1001011111110110	1
1001011111111110	1
1001011111110111	1
1001011101111111	1
0101011100111010	1
0101011111101110	1
0101011111111011	1
1101011111111000	1
1101011111110100	1
1101011111011010	1
1101011111111010	1
1101011110111110	1
1101011111111110	1
1101011100111001	1
1101011111111001	1
1101011101101011	1
1101011111101011	1
1101011111001111	1
1101011111101111	1
1101011101111111	1
0011011111110010	1
0011011111111010	1
0011011111100110	1
0011011111111110	1
0011011111100001	1
0011011111110001	1
0011011111010011	1
0011011110110011	1
0011011111110011	1
0011011101011011	1
0011011110111011	1
0011011111001111	1
0011011111101111	1
1011011111111110	1
1011011100111001	1
1011011111111101	1
1011011101111011	1
1011011111001111	1
1011011100101111	1
1011011111101111	1
1011011111011111	1
0111011101101010	1
0111011111111010	1
0111011111101001	1
0111011111011001	1
0111011110111001	1
0111011111110011	1
0111011101001011	1
0111011100101011	1
0111011111101011	1
0111011111011011	1
0111011110000111	1
0111011110010111	1
0111011100011111	1
0111011101111111	1
1111011101011010	1
1111011111011010	1
1111011101111010	1
1111011110100110	1
1111011111101110	1
1111011111011001	1
1111011100111001	1
1111011111011101	1
1111011110111101	1
1111011101111101	1
1111011111100011	1
1111011100110011	1
1111011111001011	1
1111011100101011	1
1111011110011011	1
1111011110110111	1
1111011101110111	1
1111011110101111	1
1111011110011111	1
0000111111010000	1
0000111100110100	1
0000111110011100	1
0000111111011100	1
0000111100111100	1
0000111110111100	1
0000111101111100	1
0000111111100101	1
0000111100111101	1
1000111100101000	1
1000111100111100	1
1000111111111101	1
0100111101111100	1
0100111111111101	1
0100111111101111	1
0100111111011111	1
1100111100110000	1
1100111101111100	1
1100111111010010	1
1100111110101110	1
1100111111111110	1
1100111111011101	1
1100111111111101	1
1100111101101111	1
0010111110111010	1
0010111111110110	1
0010111111011110	1
0010111100111001	1
0010111111111001	1
0010111100110101	1
0010111111011101	1
0010111111111101	1
0010111111111011	1
0010111110110111	1
0010111111101111	1
0010111110111111	1
1010111111101101	1
1010111111001111	1
1010111101111111	1
0110111100111100	1
0110111111111100	1
0110111101111010	1
0110111111111110	1
0110111111111101	1
0110111111110011	1
0110111111111011	1
0110111111010111	1
0110111110101111	1
1110111111111010	1
1110111111100110	1
1110111110110110	1
1110111111101110	1
1110111100111110	1
1110111111110101	1
1110111110111101	1
1110111110110011	1
1110111111101011	1
1110111111011011	1
1110111101010111	1
1110111100110111	1
1110111100001111	1
1110111100101111	1
1110111110011111	1
1110111101011111	1
0001111111111100	1
0001111111010110	1
0001111111110110	1
0001111111101110	1
0001111101110101	1
0001111111111011	1
0001111111110111	1
0001111110111111	1
0001111101111111	1
0101111110011010	1
0101111110101110	1
0101111110111101	1
0101111111101111	1
0101111101011111	1
0101111110111111	1
1101111100101100	1
1101111101110110	1
1101111111001110	1
1101111111011110	1
1101111101111110	1
1101111111110101	1
1101111110111101	1
1101111111110011	1
1101111100101011	1
1101111111100111	1
1101111101110111	1
1101111111001111	1
1101111100101111	1
1101111100011111	1
1101111101011111	1
1101111111011111	1
0011111101101010	1
0011111100110110	1
0011111110110110	1
0011111111001110	1
0011111100011110	1
0011111110111110	1
0011111100110101	1
0011111111101101	1
0011111110111101	1
0011111111111101	1
0011111100110011	1
0011111110011011	1
0011111111100111	1
0011111110010111	1
0011111101001111	1
0011111110101111	1
0011111101101111	1
0011111110011111	1
1011111111001110	1
1011111111111001	1
1011111111011011	1
1011111110111011	1
1011111111100111	1
1011111111010111	1
1011111110110111	1
1011111111001111	1
1011111101101111	1
0111111111110110	1
0111111111101110	1
0111111101111110	1
0111111110100101	1
0111111111110101	1
0111111111101101	1
0111111100111101	1
0111111111011011	1
0111111100111011	1
0111111111111011	1
0111111100010111	1
0111111101010111	1
0111111110110111	1
0111111110001111	1
0111111101001111	1
0111111111001111	1
0111111110011111	1
1111111111110100	1
1111111110011100	1
1111111110110010	1
1111111111110010	1
1111111100101010	1
1111111111011010	1
1111111100111010	1
1111111100000110	1
1111111101110110	1
1111111100001110	1
1111111111110001	1
1111111111001001	1
1111111111101001	1
1111111110111001	1
1111111111010101	1
1111111100110101	1
1111111111001101	1
1111111110101101	1
1111111101011101	1
1111111111011101	1
1111111101111101	1
1111111111100011	1
1111111111001011	1
1111111101011011	1
1111111100100111	1
1111111110100111	1
1111111100110111	1
1111111110001111	1
1111111101001111	1
1111111100011111	1
