VALUES		COUNTS

0000000000000000	45
1111111111111111	12
0001000000000100	10
1000010000000000	10
0000000001000000	8
0000000100000000	7
0010000100000000	7
0000000000000100	6
0110000111000001	5
0000101000111010	4
0000010000000000	4
1110111111111011	4
1000000000000000	3
0000001000000000	3
1100111111111011	3
1101110111111111	3
0010000100000010	3
0011000100000100	3
0000000010000000	2
0000000000000010	2
0000000100100010	2
0000000000001000	2
0000001000100010	2
1001000000000100	2
0001100000111110	2
1000010010000001	2
1001010000000000	2
1001010000000100	2
0000000011000000	2
0100000001000000	2
0100000001000010	2
0100100001001000	2
1101111111011101	2
1101111011101111	2
1101111011111111	2
1101111111111111	2
0010000000000000	2
0010000100001000	2
1010010000000000	2
1010010100000000	2
0110000101000000	2
1110111111110011	2
1111010111000101	2
1011111111011101	2
1111111111011101	2
1111111011011111	2
1011111111101111	2
1111111011111111	2
1111111101111111	2
0000000000000001	1
0000000010000001	1
0000000100000001	1
0000000110000001	1
0100000100000000	1
0001000000000000	1
0000000000010000	1
0000100000000000	1
0000000000100000	1
0000000010100000	1
1000000000100000	1
0000000010000011	1
0000000000100010	1
0000000010100010	1
1000000000100010	1
1000000000001000	1
0001000100001000	1
0000100000001000	1
0000100010001000	1
1000100000001000	1
0000100000101010	1
1100100010101011	1
0100001000000000	1
0100001100000000	1
1000001000000000	1
0000001000010000	1
0000001000110010	1
0000101000111000	1
0001101000111000	1
1100101010011011	1
1100101000111010	1
0000000010000100	1
0000000100000100	1
0100000100000100	1
0000000000010100	1
0000000100000110	1
0001000000000110	1
0001000000100110	1
0001000000001100	1
0001100000101110	1
0001001000000100	1
0000101000111100	1
1101101100111101	1
1100101010111111	1
1000010100000000	1
1001010100000000	1
1000010000100000	1
1000010010100000	1
1000010000001000	1
1101111010001001	1
1000011000101000	1
1001111000101000	1
1001111100111010	1
1000010000000100	1
1001010100000100	1
1001110000010100	1
1000010000001100	1
1001110000111110	1
1101110010111111	1
1001011000010100	1
0101011010001111	1
0001111100001111	1
1001111110011111	1
1101111010011110	1
0001011000111111	1
0001011110111111	1
0100111110101111	1
1100111000101111	1
1100111010111111	1
1100111110111111	1
1001111010111110	1
1001111010111111	1
1101111110111110	1
0100000011000001	1
0100000111000000	1
0100000111000001	1
1100000111000001	1
0000000001010000	1
0000000001000010	1
0000000001000011	1
0100000111000011	1
0100000001100010	1
1000000001100010	1
0100000001001000	1
0100100011111000	1
0100100111101011	1
0000001001000000	1
0000001001110010	1
1000001001110010	1
0100101001111010	1
0100101101111010	1
0100101101111011	1
1100101111111010	1
0000000001000100	1
0100000101000100	1
0001000001000100	1
0100100111111110	1
0101101111010101	1
1100101011011101	1
0101101011011101	1
1101101111011101	1
1100101101111110	1
1000010001000000	1
1100010011000001	1
1100010111000000	1
1101110001001010	1
1100110011111011	1
1100110111111011	1
1100011111010011	1
1101111011010011	1
0101111011110011	1
1100111011011001	1
1100111111011001	1
1100011111011011	1
1101111101011011	1
1100111001111010	1
1100111101111010	1
1101111101111011	1
0101110011110111	1
0101110011011101	1
1101110001011100	1
1101010011101111	1
1001110001111110	1
0101011111010101	1
1101011111110111	1
0101111111011101	1
1101011111111101	1
1100111011111100	1
1001111011111101	1
1101111101111101	1
1100111101011111	1
1101011111111111	1
0101111111111111	1
1001111001111110	1
1001111011111111	1
1101111001111111	1
1101111111111110	1
0010000110000000	1
0010000110000001	1
0110000110000000	1
1010000000000000	1
1010000100000000	1
0011000100000000	1
0010000000100010	1
0010000100100010	1
0010100100100011	1
0010000100011010	1
0010100110011011	1
0010001100000000	1
0010001100000001	1
0010001100000010	1
1111101100011010	1
1010001110111011	1
0110101110111011	1
0011101000111010	1
0010000010000101	1
0011000000000100	1
0011000100000101	1
0011000110000101	1
0111000000000100	1
1011000110000101	1
1011100100001100	1
1010100100011111	1
0011100110111111	1
0111100110111111	1
0110001010000101	1
0111101110110111	1
1011101110001111	1
1011101110011111	1
0011101110111111	1
0010010100000000	1
1010010110000001	1
1010110100000000	1
1010010000000010	1
1010010000000011	1
1010010100100010	1
1010110100001000	1
0010110000011010	1
1110110110011011	1
1111111110110011	1
0010111000011001	1
1010111110011001	1
1010111110011010	1
1111011110111011	1
1010111110111011	1
1110111110111011	1
0111111110111011	1
1111010110000101	1
0111110110010101	1
1011010100000110	1
1011110000111101	1
1011110110011111	1
0111110110111111	1
1011110110111111	1
1111110110111111	1
1111011100010100	1
1011111100110100	1
0111111110010111	1
1110111100110111	1
1011111110101101	1
0111111110111111	1
1111111110111111	1
0010000101000000	1
1110000101000000	1
1110000111000001	1
0110000101000010	1
0010100111100011	1
0110100101001000	1
0010100001101000	1
0110100011111001	1
0110100111011011	1
0110001011000001	1
0111001011000001	1
1010001011110001	1
1111001111010011	1
0110101011010011	1
1010001011110011	1
0110001011011001	1
0110101101011000	1
0110101111101011	1
0110101111111011	1
1110101111111011	1
0111100111010101	1
1111100111010101	1
0111000101100110	1
1111100111100111	1
0110100111101111	1
0111100111111111	1
0010001111110111	1
0011001011110111	1
1111101011110111	1
1111101111111101	1
0111101101011111	1
0111101111011111	1
1011101011011111	1
0110001111111111	1
1111001111111111	1
0111101111101111	1
1111101111101111	1
0011101111111111	1
0111101011111111	1
0111101101111111	1
0111101111111111	1
1111101011111111	1
0110010111000001	1
1110010011000001	1
0110010101001000	1
1111110111001001	1
1010110111101001	1
0110110111111001	1
1110110111001010	1
0110110111011011	1
1010010111101011	1
1110110111111011	1
1110011111110011	1
1110111011110011	1
1111111001110010	1
1111111111110011	1
1110011111001001	1
1110111111101001	1
1110111011111001	1
1110011011001011	1
1110011111011011	1
0110111101011011	1
1110111111011011	1
0010111111101011	1
1010111011101011	1
1010111111111011	1
1110111001111011	1
1110111011111011	1
1111111001111010	1
1011010111000101	1
1111010111010111	1
0011010011110111	1
1111010011110110	1
1111110011011101	1
1110110111111101	1
1111110111111101	1
1111110111101111	1
1111111101000100	1
1111011101110111	1
0111111011110110	1
1111111001110111	1
1110111111011101	1
1111111011011101	1
1110111101111101	1
1011111101111101	1
1111111011111101	1
1111111111111101	1
1111011111011111	1
0111111011011111	1
1111111101011111	1
1111111111011111	1
1111011111111111	1
1110111101111110	1
1110111101111111	1
1111111101111110	1
1111111111111110	1
