VALUES		COUNTS

0000000000000000	423
0000100000000100	142
1111111111111111	135
0000010000001000	121
0000000000100000	87
0000000100100000	74
0000000000000100	62
0000100000000000	60
0001000000000000	57
0000000100000000	57
0000110000001100	56
1111101111110111	54
0111111111111111	49
1111111011011111	47
1000000000000000	45
0000000000001000	44
0000001000000000	44
1111111011111111	35
0000100000100100	32
1111011111111111	32
1100000000000000	31
0010000000000000	31
1111111111101111	29
0000001111110000	28
0000100100100100	27
0000000001000000	26
0000000000010000	26
0000010000000000	26
1101111111111111	26
1111011111111011	25
0000000010000000	24
0100000000000000	24
0111101111110111	23
0011111111111111	23
1111101111111111	22
1111111111011111	22
0001100000000100	21
0000000001100000	19
1000100000000100	19
1011111111111111	19
1111111110111111	19
0000110000001000	18
0000010100001000	18
1111110111111111	18
0000000000000010	17
0000001000010000	17
0000100100000100	17
0000000011000000	16
0000000000000001	16
1111110000001111	16
0000101000000100	16
0000101000010100	16
1111101011110111	16
0000000101100000	16
0000100001000100	15
0000010000101000	15
1111111011101111	15
0000010100101000	15
1111111111111101	15
1111111111111011	15
1111111111110111	15
1111111101111111	15
0010100000000100	14
0010010000001000	14
1101111011111111	14
0000110100101100	14
0000100010000100	13
0000100000001100	13
0000000111100000	13
0001000000100000	12
1100100000000100	12
0000010000001100	12
0000001000100000	12
1111011011111111	12
0111111011111111	12
0000000101000000	12
1111110111101111	12
1111111100111111	12
0001000000000010	11
0000100000010100	11
0001010000001000	11
1111101011010111	11
1111001111110011	11
0010000000000001	10
0000100000100000	10
0000100000000101	10
0001100000000110	10
1100010000001000	10
1111110011111111	10
0011111011011111	10
0111111011011111	10
1111111011111011	10
1111111011010111	10
0001000100100000	10
1111101101110111	10
0111011111111111	10
1110111111111111	10
0111111111101111	10
0000000000100100	9
0000000000001100	9
1100000000100000	9
1000010000001000	9
1111110011101111	9
0111101011110111	9
0000011000001000	9
1111011011011011	9
1111011011111011	9
1111111011001111	9
1111001111110111	9
0000101111110100	9
1111101111100111	9
1111011111101011	9
1111111111010111	9
0000000010100000	8
0010000000100000	8
0010100000000000	8
0000110000000100	8
0000001011110000	8
1111111011011011	8
0000000100110000	8
0000000100000100	8
0000100101000100	8
0111110111101111	8
1111001111100111	8
0011101111110111	8
0111011111111011	8
1111011111110011	8
0011111110111111	8
0111111110111111	8
1111111111111110	8
0000010010001000	7
0000010001001000	7
0000110000001110	7
0111110000001111	7
1110111011011111	7
0011111011111111	7
1111111001011111	7
1111111001111111	7
0000000110000000	7
0000000100001000	7
0000010101001000	7
1111110110101111	7
1110101111110111	7
1101101111110111	7
1011101111110111	7
1111011101111111	7
1110111111110111	7
0001111111111111	7
0101111111111111	7
0011111111101111	7
0000000000110000	6
0000000010001000	6
0100000000000100	6
1001000000000000	6
0000100001100100	6
0000100000000110	6
0100100000000100	6
0010100000000101	6
0001100000000000	6
0000010000011000	6
0001010000001010	6
0000001001010000	6
0000001000001000	6
0001001000010000	6
1101101011010111	6
1110111011111111	6
1101111011011111	6
1111111000011111	6
0000000111000000	6
0000000100100100	6
1000000100100000	6
1000010100101000	6
1101110111101111	6
1011110111101111	6
0111110111111111	6
0000001100100000	6
1101001111110111	6
0011001111110011	6
1111101111010111	6
0000011111111000	6
1101011111111011	6
1101011111111111	6
0111011111101111	6
1111011111011111	6
1111111110101111	6
1111111110011111	6
1111111101011111	6
0000000011100000	5
0000000000101000	5
0000000000100010	5
1000000000100000	5
0001000000001000	5
0101000000000000	5
0011000000000001	5
1111000000000111	5
0000100010100100	5
0000100000000001	5
1000100000000000	5
0110100000000101	5
0001100000000010	5
0111100000000111	5
1111100000000101	5
1111100000000111	5
0000010000100000	5
0000010000001010	5
0000010000001001	5
0100010000001000	5
0001010000000000	5
0000110001101100	5
1000110000001100	5
0000001011100000	5
0010001000000000	5
1111001011010111	5
0000101000110100	5
1111101001010111	5
1111101011111111	5
1111011011010011	5
1111011001111011	5
0000111000001100	5
1111111011110111	5
0000000110100000	5
0000000100101000	5
1000000100000000	5
0100000100100000	5
0010000100100000	5
0000100100000000	5
0000100100100000	5
1000100100100100	5
1111100111110111	5
0000010111001000	5
0000010100101100	5
1100010100001000	5
0011110111111111	5
0000001110110000	5
0000101100100100	5
0110101111110111	5
0111101111111111	5
0000011100101000	5
0011011111111111	5
1011011111111011	5
0111011101111111	5
1111011111111101	5
1111011111101111	5
1001111111111111	5
1111111110110111	5
1111111101101111	5
0000000000011000	4
1000000010000000	4
1000000000001000	4
1000000000000100	4
1100000001000000	4
0010000000100100	4
1110000000000001	4
0001000000000100	4
1101000000000000	4
0011000000000000	4
1111000000000011	4
0000100001100000	4
0000100000001000	4
0000100011000100	4
0000100000000010	4
1000100000100100	4
0100100000000000	4
0100100000100100	4
0001100000100100	4
0101100000000111	4
1111100000100111	4
1111100000001111	4
0010010000001001	4
0001010000001100	4
0000110000000000	4
0000110000101000	4
0000110000101100	4
0100110000001100	4
1111110000000111	4
1111110011001111	4
1111110011011111	4
0000001000000100	4
0000001000010100	4
1100001000000000	4
1111001011010011	4
1111001011011011	4
0000101000000000	4
0000101000100100	4
0111101011010111	4
1111101011010011	4
1111101011000111	4
0000011000000000	4
0000011011111000	4
0011011011111011	4
0111011011111011	4
1111011000011011	4
1111011001011011	4
0000111000000100	4
1010111011111111	4
1110111011111101	4
0111111001111111	4
1111111011011110	4
1111111011111110	4
1111111010011111	4
0000000100010000	4
0100000100000000	4
1100000100100000	4
0010000100000000	4
0001000111100000	4
0001000100100010	4
1111000111100011	4
0000100110000100	4
0000100101100100	4
0000100111100100	4
0000100100101100	4
0100100100000100	4
0001100100000100	4
0111100100000111	4
0000010100000000	4
0000010101101000	4
0001010100101000	4
0000110100101000	4
1110110111101111	4
0000001111100000	4
0000001100110000	4
0000001101110000	4
0001001100100000	4
0111001111110011	4
1111001110110011	4
1111001101110111	4
0101101111110111	4
1101101111010111	4
1111101111110110	4
1111101111111110	4
1111101101111111	4
1111011111011011	4
1111011101111011	4
1111011111110111	4
0010111111111111	4
0110111111111111	4
1101111111111011	4
1101111111101111	4
1101111100111111	4
1101111110111111	4
0011111111111110	4
0011111111110111	4
0011111101111111	4
1011111111011111	4
0111111111111110	4
0111111111111101	4
0111111111110111	4
0111111111011111	4
0111111101111111	4
1111111101111011	4
1111111111100111	4
0000000010010000	3
0000000010101000	3
0000000000010100	3
0000000000001001	3
0000000000000101	3
1000000000000010	3
0100000000100000	3
1100000000000100	3
0010000011000000	3
0010000000000011	3
1110000000000000	3
1110000000010001	3
0001000010000000	3
0001000001000000	3
0001000011000000	3
0001000000010000	3
0001000000001010	3
0001000010000001	3
0011000000000100	3
0000100010000000	3
0000100001000000	3
0000100011100100	3
0100100000010100	3
1110100000000101	3
1101100000000100	3
0011100000000101	3
0111100011100111	3
0000010011111000	3
0000010010001100	3
0110010000001001	3
1111010011001011	3
1111010011111011	3
1111010000001111	3
0000110010001000	3
0000110000100100	3
0000110000011100	3
0000110000001010	3
1100110000001100	3
1001110000001100	3
1101110000001111	3
0011110011100111	3
0011110000101111	3
0111110011101111	3
1111110000011111	3
0000001010000000	3
0000001001000000	3
0000001011000000	3
0000001000000010	3
1000001000010000	3
0111001011010111	3
1111001000000011	3
1111001011100011	3
1111001011110011	3
1111001011100111	3
1111001011110111	3
1111001011111111	3
0000101001000100	3
0000101011010100	3
0000101011110100	3
1110101011010111	3
0011101011010111	3
1011101011110111	3
0111101011011111	3
0111101011111111	3
1111101011010110	3
1111101000000111	3
1111101011100111	3
1111101000010111	3
1111101010010111	3
1111101011011111	3
0000011001001000	3
0000011000011000	3
0000011011011000	3
0010011000011000	3
0001011000001000	3
1011011011111110	3
1111011011011110	3
1111011011110011	3
1111011000001011	3
1111011001101011	3
1111011011101011	3
1111011000011111	3
1111011011011111	3
1111011001111111	3
0000111000001000	3
0010111011011111	3
0110111011011111	3
0001111000001100	3
0101111011101111	3
0101111011011111	3
1101111011010111	3
1101111011101111	3
1101111010011111	3
0011111011001111	3
1011111011011011	3
1011111010011111	3
1011111011011111	3
0111111011110111	3
0111111010011111	3
1111111011011101	3
1111111011111101	3
1111111011000111	3
1111111001110111	3
0000000111110000	3
0000000111100100	3
0000000100000001	3
1100000100000000	3
0010000101100000	3
1110000100100001	3
0001000100000000	3
0000100101000000	3
0000100110100000	3
0000100111100000	3
0000100100110100	3
0000100111110100	3
0000100101001100	3
0100100100100100	3
0001100100100100	3
0011100111100111	3
1111100100100111	3
1111100111100111	3
0100010100101000	3
0001010100000000	3
0111010111101011	3
1111010111101011	3
0000110100001000	3
0000110111101100	3
0101110111101111	3
0011110111101111	3
0111110111100111	3
0111110100101111	3
1111110111111110	3
1111110100001111	3
1111110101101111	3
1111110100111111	3
1111110110111111	3
1111110101111111	3
0000001100000000	3
0000001111111000	3
0101001111110011	3
0011001111110111	3
1011001111110111	3
1111001111100011	3
0000101100100000	3
0000101111110000	3
0000101100000100	3
0000101101110100	3
0010101111110111	3
1010101111111111	3
0110101111110101	3
1110101111111011	3
1110101111111111	3
1101101111110110	3
0011101111010111	3
1011101111111111	3
1111101111110101	3
1111101111110011	3
1111101111111011	3
0000011100100000	3
0000011111101000	3
1110011111111111	3
1101011111101111	3
0011011111110011	3
1011011111111111	3
0111011111111101	3
1111011111111001	3
0000111111011100	3
1100111111111111	3
1010111111111111	3
1110111111111101	3
1110111111001111	3
1110111111011111	3
1110111110111111	3
1110111101111111	3
0001111111011111	3
1001111111111101	3
1101111111111100	3
1101111111110111	3
0011111111010111	3
1011111111111110	3
1011111111111101	3
1011111111111011	3
1011111110111111	3
0111111111111011	3
1111111111011110	3
1111111111101101	3
1111111111011101	3
1111111111110011	3
1111111101110111	3
1111111111001111	3
1111111100101111	3
0000000011010000	2
0000000001001000	2
0000000001000100	2
0000000001100100	2
0000000010000010	2
0000000000010010	2
0000000000001010	2
0000000000000110	2
0000000000100001	2
0000000001100001	2
0000000000010001	2
1000000001000000	2
1000000010100000	2
1000000000010100	2
0100000010000000	2
0100000000001000	2
1100000000000010	2
1100000000000001	2
0010000010000000	2
0010000010100000	2
0010000000001000	2
0010000000000010	2
0010000000001001	2
1010000000000001	2
0110000000010000	2
1110000000100001	2
0001000010100000	2
0001000001110000	2
0001000000100100	2
0001000001100100	2
0001000000000001	2
1101000000000010	2
0011000000000011	2
0011000011110111	2
0111000000000011	2
1111000010000011	2
0000100011000000	2
0000100000010000	2
0000100010001000	2
0000100000101000	2
0000100000110100	2
0000100011110100	2
0000100000101100	2
0000100011101100	2
0000100000011100	2
0000100000100101	2
1000100000100010	2
1100100000000000	2
1100100000100100	2
1100100000001100	2
0010100000001100	2
0010100000000001	2
0010100000100101	2
0010100000001101	2
1110100000000100	2
1110100001100100	2
1110100000001111	2
0001100000100000	2
0001100011010100	2
0001100000100110	2
1001100011110111	2
1101100000000110	2
1101100000000111	2
0011100000000111	2
0011100011110111	2
1011100000000110	2
1111100011100110	2
1111100000100101	2
1111100011100011	2
1111100010000111	2
1111100001000111	2
1111100011000111	2
1111100011110111	2
1111100011101111	2
0000010011001000	2
0000010001101000	2
0000010010011000	2
0000010010001010	2
1000010000000000	2
1000010000101000	2
1000010001101000	2
0100010000000000	2
0100010010001000	2
0100010000101000	2
0100010000001100	2
0100010000001010	2
1100010011001000	2
1100010000001010	2
0010010001000000	2
0010010000101000	2
0010010000001010	2
1010010000001000	2
0001010010001000	2
1001010000001000	2
1101010001101011	2
1101010011111011	2
0111010000001011	2
1111010000100101	2
1111010011010011	2
1111010011001111	2
0000110010101000	2
0000110001000100	2
0000110001001100	2
0000110000100001	2
0000110000001101	2
1000110000011100	2
0100110000001000	2
1100110000001000	2
0010110000000100	2
1110110000101101	2
1110110000001111	2
1110110011011111	2
0001110000001000	2
0001110000001100	2
0001110000001110	2
0001110000001111	2
1101110001111111	2
0011110011101111	2
1011110011111111	2
0111110000001110	2
0111110011001111	2
0111110011111111	2
1111110000001110	2
1111110011001110	2
1111110000001011	2
1111110011100111	2
1111110011110111	2
1111110001001111	2
1111110000101111	2
1111110001101111	2
1111110010011111	2
1111110001111111	2
0000001001100000	2
0000001010010000	2
0000001011010000	2
0000001010110000	2
0000001001110000	2
0000001010001000	2
0000001000011000	2
0000001011011000	2
0000001010000100	2
0000001000100100	2
0000001011010100	2
0000001011011010	2
0000001000000110	2
0000001000010001	2
1000001000000000	2
0100001000000000	2
1100001000010000	2
1110001011000011	2
0001001000100000	2
0001001000110000	2
0011001011011011	2
0011001011110111	2
0111001001000010	2
0111001001000011	2
0111001011010011	2
0000101000010000	2
0000101011110000	2
0000101010000100	2
0000101000000010	2
0000101011010110	2
0100101000010100	2
1100101000000100	2
1100101000001100	2
1100101011010111	2
0010101000000001	2
0010101011010111	2
1110101000010111	2
0001101000010110	2
0101101011110111	2
1101101011110011	2
1101101011011111	2
0011101011110110	2
0011101011110101	2
0011101011110011	2
0011101011110111	2
0011101011111111	2
1011101011010111	2
0111101001110101	2
1111101011110110	2
1111101011110011	2
1111101011111011	2
1111101011101111	2
1111101000011111	2
1111101010011111	2
1111101001011111	2
1111101010111111	2
0000011000100000	2
0000011000101000	2
0000011000001100	2
0000011000011100	2
0000011000001001	2
0100011000011000	2
0110011011111111	2
1110011011011001	2
1110011011011011	2
1110011011011111	2
0001011000001010	2
0001011011011111	2
0101011011011011	2
1101011011011110	2
1101011001111011	2
1011011010011011	2
1011011011111111	2
0111011011011110	2
0111011011011011	2
0111011011011111	2
1111011001011010	2
1111011010111011	2
1111011011110111	2
1111011001011111	2
0000111000000000	2
0000111000011100	2
1100111000011100	2
1110111011001111	2
1001111011111111	2
1101111011101110	2
1101111011011110	2
1101111011111011	2
1101111000001111	2
0011111011011110	2
0011111011111101	2
0011111011110111	2
0011111001111111	2
1011111011011100	2
1011111011101111	2
1011111001011111	2
1011111001111111	2
1011111011111111	2
0111111011011101	2
0111111001111101	2
0111111011011011	2
0111111011100111	2
0111111000001111	2
0111111001101111	2
0111111011101111	2
0111111000011111	2
0111111001011111	2
1111111011001110	2
1111111000011101	2
1111111001111011	2
1111111011100111	2
1111111000010111	2
1111111001010111	2
1111111000001111	2
1111111001001111	2
1111111001101111	2
0000000101010000	2
0000000110110000	2
0000000110001000	2
0000000101001000	2
0000000111111000	2
0000000101100100	2
0000000100001100	2
0000000100000010	2
0000000101000001	2
0100000101000000	2
1100000110100000	2
0010000111000000	2
0010000110100000	2
0010000100101000	2
0010000100100001	2
0010000101100001	2
0001000101000000	2
0001000111110000	2
0001000100000100	2
0001000100010010	2
0011000100100001	2
0111000100100011	2
0111000111101011	2
1111000100100011	2
1111000111110111	2
0000100111000100	2
0000100100010100	2
0000100110110100	2
0000100111101100	2
0000100111111100	2
1000100101000100	2
1100100100000100	2
0010100100000000	2
0010100100000100	2
0010100110000100	2
0010100100100100	2
1110100100100101	2
0001100101100100	2
0001100100000110	2
0111100100100111	2
0111100110110111	2
1111100111110101	2
1111100111011011	2
1111100111000111	2
1111100110100111	2
1111100101100111	2
1111100111010111	2
1111100100110111	2
1111100100101111	2
1111100111101111	2
0000010100100000	2
0000010111101000	2
0000010100111000	2
0000010110111000	2
0000010111111000	2
0000010100001100	2
0000010100001001	2
1000010100001000	2
0010010111101001	2
1110010111101101	2
1110010111111011	2
1001010100101000	2
0011010111111011	2
0111010111111011	2
1111010100111011	2
1111010111111011	2
1111010111110111	2
1111010111001111	2
1111010111101111	2
1111010110011111	2
1111010111111111	2
0000110100100100	2
0000110100001100	2
0000110101001100	2
1110110111111110	2
0101110101101111	2
1101110100101110	2
1101110111111110	2
1101110101110111	2
1101110111011111	2
1101110101111111	2
1011110111111111	2
0111110110110111	2
0111110111011111	2
0111110110111111	2
1111110101101110	2
1111110111101110	2
1111110111111101	2
1111110110101011	2
1111110111101011	2
1111110111000111	2
1111110111100111	2
1111110111010111	2
1111110100110111	2
1111110111001111	2
1111110100101111	2
1111110111011111	2
0000001101100000	2
0000001111010000	2
0000001111100100	2
0000001111010100	2
0000001100110100	2
0000001111110100	2
1000001100100000	2
1000001111110000	2
1100001111110000	2
0010001100100001	2
0010001110110011	2
0110001111110111	2
0001001110110000	2
0001001100000010	2
1101001111110100	2
1101001111110011	2
1011001111110011	2
0111001111110111	2
1111001111110110	2
1111001111111110	2
1111001100111011	2
1111001110110111	2
1111001111111111	2
0000101111100000	2
0000101111010100	2
1110101111110110	2
1110101111110101	2
1110101111100111	2
0001101111110111	2
1001101111110111	2
1101101110110011	2
0011101101110110	2
0011101111110110	2
0011101111110101	2
0011101101100111	2
0011101110110111	2
0011101111111111	2
1011101111110110	2
1011101111110101	2
1011101111100111	2
1011101101110111	2
0111101111100111	2
0111101110110111	2
0111101101110111	2
1111101111010011	2
1111101110110111	2
1111101101101111	2
0000011111010000	2
0000011101110000	2
0000011101111000	2
0000011111111100	2
0000011111111010	2
1000011111111000	2
1100011111111110	2
0010011111111001	2
0010011111111011	2
1110011111101001	2
1110011111101111	2
0001011100011000	2
0001011111111000	2
0001011111101110	2
0001011111111011	2
0101011111101111	2
1101011110111111	2
0011011101111111	2
0111011111111010	2
0111011111101011	2
0111011111011011	2
1111011111011110	2
1111011111111110	2
1111011111110001	2
1111011111100011	2
1111011101011011	2
1111011110111011	2
1111011111100111	2
1111011111010111	2
1111011101101111	2
1111011110011111	2
1111011110111111	2
0000111111110000	2
0000111111111000	2
0000111100101100	2
0000111101101100	2
0000111111101100	2
0100111111111111	2
1100111111111110	2
1100111111101111	2
0110111111011111	2
1110111111101110	2
1110111111101101	2
1110111111111011	2
1110111101110111	2
1110111111101111	2
1110111101011111	2
0001111111111100	2
1001111111111110	2
1001111111011111	2
0101111111011111	2
1101111111111110	2
1101111100110111	2
1101111111011111	2
1101111101111111	2
0011111111110110	2
0011111111111101	2
0011111111001011	2
0011111101011111	2
0011111111011111	2
1011111111110111	2
1011111111101111	2
0111111111110011	2
0111111111101011	2
0111111111000111	2
0111111111100111	2
0111111100110111	2
0111111101101111	2
0111111100111111	2
1111111111111010	2
1111111111101110	2
1111111111100101	2
1111111111110101	2
1111111111001101	2
1111111100111101	2
1111111101111101	2
1111111101101011	2
1111111111101011	2
1111111111000111	2
1111111101100111	2
1111111100010111	2
1111111100110111	2
1111111100011111	2
0000000001010000	1
0000000001110000	1
0000000011110000	1
0000000011001000	1
0000000010011000	1
0000000011100100	1
0000000010001100	1
0000000001101100	1
0000000000011100	1
0000000001000010	1
0000000011000010	1
0000000010100010	1
0000000000101010	1
0000000010000110	1
0000000010000001	1
0000000001000001	1
0000000010100001	1
0000000010001001	1
0000000000101001	1
0000000000100101	1
0000000010100101	1
0000000000010101	1
0000000001000011	1
0000000000100011	1
1000000000010000	1
1000000001110000	1
1000000010000100	1
1000000000100100	1
1000000001000110	1
1000000000000001	1
1000000000010001	1
1000000000000011	1
0100000001000000	1
0100000011000000	1
0100000010100000	1
0100000000010000	1
0100000000010100	1
0100000000000010	1
0100000000000001	1
0100000001000001	1
1100000010000000	1
1100000011000000	1
1100000010100000	1
1100000001100000	1
1100000000010000	1
1100000001010000	1
1100000000001000	1
1100000011001000	1
1100000000101000	1
1100000000100100	1
1100000010000010	1
1100000000000110	1
0010000000010000	1
0010000010001000	1
0010000000101000	1
0010000010101000	1
0010000000011000	1
0010000000000100	1
0010000000100010	1
0010000001100010	1
0010000011000001	1
0010000000100001	1
0010000001100001	1
0010000010010001	1
0010000001010001	1
0010000000101001	1
0010000001101001	1
0010000000000101	1
0010000010000101	1
1010000000000000	1
1010000001000000	1
1010000000010010	1
1010000000100001	1
0110000000000000	1
0110000000100000	1
0110000000101000	1
0110000000000100	1
0110000000100001	1
0110000000010001	1
0110000000001001	1
0110000000000101	1
0110000000000011	1
0110000010100011	1
0110000000010011	1
0110000010110011	1
1110000010000000	1
1110000010000010	1
1110000010000001	1
1110000011100001	1
1110000000110001	1
1110000000001001	1
1110000001011001	1
1110000011100011	1
1110000001110011	1
1110000011110011	1
1110000000000111	1
0001000001100000	1
0001000011110000	1
0001000011001000	1
0001000001000100	1
0001000011100100	1
0001000000110100	1
0001000000001100	1
0001000010000010	1
0001000001000010	1
0001000011000010	1
0001000000100010	1
0001000011100010	1
0001000000010010	1
0001000011110010	1
0001000000000110	1
0001000001000110	1
0001000011000110	1
0001000001000001	1
0001000001100001	1
0001000000000011	1
0001000000100011	1
0001000000001011	1
0001000000000111	1
1001000001100000	1
1001000000010000	1
1001000000101000	1
1001000000000100	1
1001000000101010	1
1001000000001111	1
0101000000100000	1
0101000000010000	1
0101000000000100	1
0101000000000010	1
0101000010000010	1
0101000000100010	1
0101000010100011	1
1101000000100100	1
1101000010100100	1
1101000000000110	1
1101000000000001	1
1101000000000011	1
1101000011000011	1
1101000000001011	1
0011000010000000	1
0011000010000010	1
0011000011100010	1
0011000000100001	1
0011000000000101	1
0011000010000011	1
0011000011110011	1
0011000000011011	1
0011000011011011	1
0011000000000111	1
0011000000010111	1
1011000011100011	1
1011000000010011	1
1011000010110011	1
1011000000000111	1
1011000010100111	1
1011000011100111	1
1011000011101111	1
1011000011111111	1
0111000011000010	1
0111000010000001	1
0111000010000011	1
0111000000010011	1
0111000000001011	1
0111000011011011	1
0111000010000111	1
0111000001000111	1
0111000011110111	1
1111000000100000	1
1111000000000001	1
1111000000100011	1
1111000001100011	1
1111000011100011	1
1111000011010011	1
1111000011110011	1
1111000001001011	1
1111000001100111	1
1111000011100111	1
1111000011010111	1
1111000000001111	1
1111000011101111	1
1111000000011111	1
0000100010010000	1
0000100011010000	1
0000100011001000	1
0000100011010100	1
0000100010001100	1
0000100010000010	1
0000100010000110	1
0000100010000001	1
0000100000100001	1
0000100001100001	1
0000100001000101	1
0000100000101101	1
0000100010101101	1
0000100000011101	1
0000100011100111	1
1000100011000000	1
1000100000100000	1
1000100001100000	1
1000100010000100	1
1000100011000100	1
1000100000010100	1
1000100000001100	1
1000100000000110	1
1000100000001111	1
0100100000100000	1
0100100000001000	1
0100100001000100	1
0100100011000100	1
0100100001100100	1
0100100000000001	1
1100100011000000	1
1100100000100000	1
1100100011100000	1
1100100000000010	1
1100100000001011	1
1100100010100111	1
0010100010000100	1
0010100000100100	1
0010100001100100	1
0010100000010100	1
0010100000000010	1
0010100000000110	1
0010100001010101	1
0010100000000111	1
0010100010000111	1
0010100011110111	1
0010100011101111	1
1010100000100101	1
1010100000010101	1
0110100001100000	1
0110100000000100	1
0110100000000110	1
0110100000000111	1
0110100011000111	1
0110100000101111	1
1110100000000110	1
1110100000001110	1
1110100001000101	1
1110100001000011	1
1110100011000011	1
1110100000000111	1
1110100001010111	1
0001100001000000	1
0001100011100000	1
0001100000011000	1
0001100010000100	1
0001100011100100	1
0001100000010100	1
0001100000001100	1
0001100000101100	1
0001100010111010	1
0001100010000110	1
0001100001000110	1
0001100011110110	1
0001100000000101	1
0001100000100011	1
0001100000000111	1
0001100000100111	1
0001100011100111	1
1001100000000000	1
1001100011000100	1
1001100000000111	1
1001100001100111	1
0101100000000000	1
0101100000001000	1
0101100000000100	1
0101100000000110	1
0101100001000110	1
0101100001100110	1
0101100000000001	1
0101100011000111	1
0101100000010111	1
1101100000000010	1
1101100011010010	1
1101100011111110	1
1101100000010011	1
1101100011000111	1
1101100011100111	1
1101100000010111	1
0011100000000000	1
0011100000001000	1
0011100000000100	1
0011100001100101	1
0011100011000011	1
0011100011010011	1
0011100011001111	1
1011100000000111	1
1011100010000111	1
1011100001000111	1
1011100000100111	1
1011100011100111	1
1011100001010111	1
1011100011110111	1
1011100000001111	1
1011100011001111	1
0111100000110010	1
0111100011100110	1
0111100000100101	1
0111100001100101	1
0111100000010101	1
0111100011111101	1
0111100000000011	1
0111100000100111	1
0111100001110111	1
0111100011001111	1
0111100001011111	1
1111100000001100	1
1111100000000010	1
1111100010011010	1
1111100000000110	1
1111100011000110	1
1111100001101110	1
1111100011000101	1
1111100010010101	1
1111100001010101	1
1111100011010101	1
1111100000001101	1
1111100000000011	1
1111100011100111	1
1111100000010111	1
1111100010010111	1
1111100011010111	1
1111100000110111	1
1111100001110111	1
1111100010001111	1
1111100011011111	1
1111100010111111	1
0000010010000000	1
0000010011100000	1
0000010000010000	1
0000010011010000	1
0000010010101000	1
0000010011101000	1
0000010000111000	1
0000010010000100	1
0000010011010100	1
0000010001001100	1
0000010001101100	1
0000010000111100	1
0000010011111100	1
0000010011001010	1
0000010000101010	1
0000010000011010	1
0000010000000110	1
0000010000001110	1
0000010010100001	1
0000010010001001	1
0000010010101001	1
0000010011011001	1
0000010000101111	1
1000010011101000	1
1000010000111000	1
1000010001000100	1
1000010000001100	1
1000010000001110	1
1000010000101001	1
1000010001011011	1
0100010010000000	1
0100010001100000	1
0100010000010000	1
0100010000001101	1
1100010000000000	1
1100010011000000	1
1100010000010000	1
1100010010001000	1
1100010000101000	1
1100010000011000	1
1100010000001100	1
1100010000101100	1
1100010011111111	1
0010010000000000	1
0010010010000000	1
0010010010101000	1
0010010001101000	1
0010010011101000	1
0010010000001100	1
0010010010101100	1
0010010000000010	1
0010010001011010	1
0010010000000001	1
0010010011001001	1
0010010000101001	1
0010010000011001	1
1010010010001000	1
1010010011101110	1
1010010011001101	1
0110010000001000	1
0110010011001101	1
0110010011101011	1
1110010000000000	1
1110010000100000	1
1110010011100001	1
1110010000001101	1
1110010011110011	1
1110010000101011	1
1110010001101011	1
1110010011101011	1
1110010011011011	1
1110010011111011	1
1110010011000111	1
1110010000110111	1
0001010000100000	1
0001010000101000	1
0001010000011000	1
0001010001011000	1
0001010011011000	1
0001010000000100	1
0001010000010100	1
0001010000101100	1
0001010000011100	1
0001010000101010	1
0001010011011010	1
0001010000001001	1
0001010000001111	1
1001010000000100	1
1001010000000010	1
1001010000001010	1
1001010010011010	1
1001010000001001	1
1001010011000011	1
1001010001101111	1
0101010011001000	1
0101010000001100	1
0101010010000010	1
0101010011011110	1
0101010000101011	1
0101010000001111	1
1101010000001000	1
1101010011111111	1
0011010000000000	1
0011010000000010	1
0011010011111011	1
0011010000001111	1
0011010011111111	1
1011010000001011	1
1011010011011011	1
1011010011000111	1
1011010011100111	1
1011010000101111	1
0111010000001010	1
0111010000001110	1
0111010000111001	1
0111010010000011	1
0111010011100011	1
0111010001001011	1
0111010011001011	1
0111010011101011	1
0111010000011011	1
0111010011001111	1
1111010000001010	1
1111010001001010	1
1111010000000110	1
1111010001001110	1
1111010001101110	1
1111010011011110	1
1111010001111110	1
1111010011111110	1
1111010001101001	1
1111010000001101	1
1111010011001101	1
1111010011000011	1
1111010000100011	1
1111010010001011	1
1111010001001011	1
1111010000101011	1
1111010001101011	1
1111010011101011	1
1111010010011011	1
1111010011011011	1
1111010000101111	1
1111010001101111	1
1111010011101111	1
1111010010011111	1
0000110010000000	1
0000110000010000	1
0000110010100100	1
0000110001100100	1
0000110011100100	1
0000110010010100	1
0000110010001100	1
0000110011001100	1
0000110010101100	1
0000110011101100	1
0000110001111100	1
0000110010000010	1
0000110000101010	1
0000110001101010	1
0000110011101010	1
0000110010001110	1
1000110000000000	1
1000110000001000	1
1000110011001000	1
1000110000101000	1
1000110000011000	1
1000110000000100	1
1000110000101101	1
0100110000000100	1
0100110000010100	1
0100110001001100	1
0100110000001001	1
1100110011001000	1
1100110000000100	1
1100110000110100	1
1100110010001100	1
1100110011011110	1
1100110001110111	1
1100110000001111	1
0010110000001000	1
0010110011010100	1
0010110000001100	1
0010110010001100	1
0010110001001100	1
0010110000101100	1
0010110000001110	1
0010110010101001	1
0010110000001101	1
0010110010001101	1
0010110001111111	1
1010110011111101	1
1010110000001111	1
0110110000110101	1
0110110001111111	1
1110110000000000	1
1110110010011100	1
1110110011011110	1
1110110000010101	1
1110110011001101	1
1110110011111101	1
1110110011101011	1
1110110010101111	1
1110110011101111	1
1110110011111111	1
0001110000000000	1
0001110000011000	1
0001110000000100	1
0001110000100100	1
0001110001010100	1
0001110001001100	1
0001110000101100	1
0001110000011100	1
0001110000001010	1
0001110001001110	1
0001110000011110	1
0001110000101001	1
0001110000001101	1
0001110011111011	1
0001110011001111	1
0001110000111111	1
1001110011101110	1
1001110000000111	1
1001110000001111	1
1001110000101111	1
1001110010011111	1
0101110011111011	1
0101110011101111	1
0101110000011111	1
0101110010111111	1
1101110000010100	1
1101110001001010	1
1101110000011110	1
1101110011111110	1
1101110011011011	1
1101110011111011	1
1101110011110111	1
1101110010001111	1
1101110001001111	1
1101110000101111	1
1101110011101111	1
1101110000011111	1
1101110011011111	1
1101110011111111	1
0011110000001100	1
0011110010000110	1
0011110011110101	1
0011110000101101	1
0011110000000011	1
0011110000010111	1
0011110011010111	1
0011110000001111	1
0011110010001111	1
0011110001001111	1
0011110011001111	1
0011110011011111	1
0011110010111111	1
0011110011111111	1
1011110000001001	1
1011110000001011	1
1011110001101011	1
1011110011110111	1
1011110000001111	1
1011110011001111	1
0111110010011100	1
0111110011110010	1
0111110011100110	1
0111110011110110	1
0111110001001110	1
0111110001101110	1
0111110011111110	1
0111110000001101	1
0111110011011101	1
0111110010001011	1
0111110011001011	1
0111110011111011	1
0111110011000111	1
0111110000010111	1
0111110001001111	1
0111110000101111	1
0111110010101111	1
1111110000001000	1
1111110011101000	1
1111110010011010	1
1111110000010110	1
1111110001001110	1
1111110001011110	1
1111110011011110	1
1111110011111110	1
1111110000001001	1
1111110000000101	1
1111110000100101	1
1111110000001101	1
1111110010001101	1
1111110011001101	1
1111110000011101	1
1111110010111101	1
1111110011100011	1
1111110010001011	1
1111110001001011	1
1111110011001011	1
1111110010101011	1
1111110000011011	1
1111110011111011	1
1111110011000111	1
1111110000010111	1
1111110010010111	1
1111110011010111	1
1111110010101111	1
1111110001011111	1
1111110010111111	1
0000001000110000	1
0000001011001000	1
0000001000111000	1
0000001001111000	1
0000001011111000	1
0000001000110100	1
0000001001110100	1
0000001011110100	1
0000001001100010	1
0000001000010010	1
0000001000001010	1
0000001001010110	1
0000001000001110	1
0000001000000001	1
0000001011100001	1
0000001000000101	1
1000001010000000	1
1000001010000100	1
1000001000001001	1
0100001001100000	1
0100001000010000	1
0100001001010000	1
0100001000001000	1
0100001000100101	1
0100001000010011	1
1100001011000000	1
1100001010100000	1
1100001001100000	1
1100001000001000	1
1100001010101000	1
1100001000000010	1
1100001011010111	1
0010001001000000	1
0010001011100000	1
0010001000010000	1
0010001011010100	1
0010001000000010	1
0010001000000001	1
0010001000010001	1
0010001000001001	1
0010001000101001	1
0010001000000101	1
0010001011110101	1
0010001011010011	1
1010001000000000	1
1010001000010000	1
0110001010010001	1
0110001011010011	1
0110001000010111	1
0110001011011111	1
1110001000000001	1
1110001011010001	1
1110001000000101	1
1110001010000101	1
1110001000110011	1
1110001011110011	1
1110001011100111	1
1110001011010111	1
1110001011110111	1
0001001000000000	1
0001001011111000	1
0001001011000100	1
0001001000000010	1
0001001000010010	1
0001001001010010	1
0001001011010010	1
0001001000110010	1
0001001000111010	1
0001001000000011	1
0001001001000011	1
1001001000000010	1
1001001011011010	1
0101001010000000	1
0101001011010000	1
0101001011001011	1
0101001000011011	1
0101001000010111	1
0101001011010111	1
0101001001110111	1
1101001001100000	1
1101001001010010	1
1101001011010010	1
1101001011010110	1
1101001000000001	1
1101001001000011	1
1101001001010011	1
1101001011010011	1
1101001011110011	1
1101001011011011	1
1101001000000111	1
1101001001000111	1
1101001011100111	1
1101001010010111	1
1101001011110111	1
0011001011100000	1
0011001011101010	1
0011001000010001	1
0011001011000011	1
0011001000010011	1
0011001010010011	1
0011001001010011	1
0011001011010011	1
0011001011000111	1
0011001000110111	1
1011001011110010	1
1011001011110110	1
1011001000011110	1
1011001011110001	1
1011001011011001	1
1011001011100011	1
1011001011010011	1
1011001001111011	1
1011001011110111	1
1011001011111111	1
0111001000110010	1
0111001000010110	1
0111001011000011	1
0111001010100011	1
0111001001100011	1
0111001000010011	1
0111001011101011	1
0111001000111011	1
0111001010010111	1
0111001001110111	1
0111001011110111	1
0111001011011111	1
1111001011000000	1
1111001000010000	1
1111001011000010	1
1111001010010010	1
1111001001010010	1
1111001000010110	1
1111001000000001	1
1111001000010001	1
1111001000100101	1
1111001011000011	1
1111001010100011	1
1111001010110011	1
1111001001011011	1
1111001000010111	1
1111001010010111	1
1111001001011111	1
1111001011011111	1
1111001010111111	1
0000101000100000	1
0000101010100000	1
0000101001010000	1
0000101011010000	1
0000101011000100	1
0000101001100100	1
0000101011100100	1
0000101010010100	1
0000101001010100	1
0000101000001100	1
0000101001001100	1
0000101000101100	1
0000101010011100	1
0000101011111100	1
0000101000010010	1
0000101000000110	1
0000101011000110	1
0000101011110110	1
0000101010010001	1
0000101000011001	1
0000101000000101	1
0000101011000101	1
0000101000010101	1
0000101010010101	1
0000101011010101	1
0000101011010111	1
1000101000000000	1
1000101000100000	1
1000101011001000	1
1000101000000100	1
1000101000010100	1
1000101010010100	1
1000101000000010	1
1000101000100010	1
1000101000011010	1
0100101000000100	1
0100101011000100	1
0100101010010100	1
0100101000001100	1
0100101000000011	1
0100101011011111	1
1100101011110000	1
1100101000010100	1
1100101010010100	1
1100101000000110	1
1100101011010110	1
1100101011110110	1
1100101011010101	1
1100101000000111	1
1100101000010111	1
1100101001001111	1
0010101000000000	1
0010101000100100	1
0010101010100100	1
0010101000010100	1
0010101000100010	1
0010101011110101	1
0010101011010011	1
0010101001110111	1
0010101011011111	1
0010101011111111	1
1010101011100101	1
1010101000010111	1
0110101011010010	1
0110101011110101	1
0110101000000011	1
0110101011010111	1
1110101011010100	1
1110101011000110	1
1110101010010110	1
1110101000010001	1
1110101011010001	1
1110101000010101	1
1110101011111101	1
1110101010000011	1
1110101001110011	1
1110101011100111	1
1110101011110111	1
1110101011011111	1
1110101011111111	1
0001101000000000	1
0001101000100000	1
0001101011001000	1
0001101000000100	1
0001101000010100	1
0001101010010100	1
0001101000110100	1
0001101010101100	1
0001101000100010	1
0001101001110110	1
0001101010010111	1
0001101011110111	1
0001101001011111	1
0001101011011111	1
1001101011010110	1
1001101000010101	1
1001101010000111	1
1001101011010111	1
1001101001110111	1
1001101011110111	1
0101101000010110	1
0101101011010110	1
0101101011011110	1
0101101001010111	1
1101101000010100	1
1101101010010100	1
1101101011010110	1
1101101011110110	1
1101101011011110	1
1101101010010101	1
1101101011000111	1
1101101011100111	1
1101101011110111	1
0011101010010110	1
0011101011010110	1
0011101011111110	1
0011101011010101	1
0011101010100011	1
0011101000000111	1
0011101011000111	1
0011101001001111	1
1011101010000111	1
1011101001100111	1
1011101000010111	1
1011101011011111	1
0111101011000100	1
0111101000010010	1
0111101011100110	1
0111101011100101	1
0111101011011101	1
0111101010010011	1
0111101011000111	1
0111101010100111	1
0111101000010111	1
0111101010010111	1
0111101010110111	1
0111101001110111	1
0111101001011111	1
1111101000000110	1
1111101000100110	1
1111101010000001	1
1111101000010001	1
1111101011110001	1
1111101011100101	1
1111101011010101	1
1111101011110101	1
1111101000001101	1
1111101011011101	1
1111101010111101	1
1111101000000011	1
1111101001110011	1
1111101001000111	1
1111101001100111	1
1111101001110111	1
1111101001111111	1
0000011001100000	1
0000011000010000	1
0000011011110000	1
0000011001101000	1
0000011001011000	1
0000011001111000	1
0000011000000100	1
0000011001001100	1
0000011011001100	1
0000011001111100	1
0000011011011010	1
0000011011111010	1
0000011011011110	1
0000011000010001	1
0000011000011001	1
0000011001010011	1
0000011000001011	1
1000011000001000	1
1000011000011000	1
1000011010111000	1
1100011000010000	1
1100011000000100	1
1100011000011011	1
1100011011011111	1
0010011000001000	1
0010011011011000	1
0010011011011110	1
0010011001111001	1
0010011011011011	1
0010011001011111	1
0010011011011111	1
1010011011001000	1
1010011011011011	1
1010011011000111	1
0110011001011110	1
0110011000001011	1
0110011011101011	1
0110011011000111	1
0110011000010111	1
0110011011010111	1
0110011010011111	1
1110011011111100	1
1110011011110010	1
1110011011101110	1
1110011000001001	1
1110011001111001	1
1110011011101101	1
1110011000000011	1
1110011011001011	1
1110011011101011	1
1110011011111011	1
1110011010010111	1
1110011011101111	1
1110011000011111	1
1110011011111111	1
0001011000100000	1
0001011010100000	1
0001011011011000	1
0001011011111000	1
0001011000011100	1
0001011011011100	1
0001011011111100	1
0001011011011010	1
0001011000011110	1
0001011001011110	1
0001011011011110	1
0001011000001001	1
0001011000011001	1
0001011011001011	1
0001011011011011	1
0001011001111011	1
0001011011111011	1
0001011001011111	1
1001011000101000	1
1001011010011011	1
1001011011110111	1
1001011010011111	1
1001011011011111	1
0101011011000011	1
0101011010111111	1
1101011011011000	1
1101011011011010	1
1101011011111010	1
1101011011001110	1
1101011011111110	1
1101011011100011	1
1101011001010011	1
1101011011011011	1
1101011010111011	1
1101011011111011	1
1101011011010111	1
1101011011001111	1
1101011001101111	1
1101011000011111	1
1101011011111111	1
0011011011011000	1
0011011010011010	1
0011011011111010	1
0011011011111110	1
0011011011111001	1
0011011001010011	1
0011011000110011	1
0011011011011011	1
0011011011001111	1
0011011010011111	1
0011011011011111	1
0011011000111111	1
0011011011111111	1
1011011011111010	1
1011011011011110	1
1011011011111001	1
1011011001110011	1
1011011011110011	1
1011011000001011	1
1011011011011011	1
1011011011111011	1
1011011010000111	1
1011011001110111	1
1011011011001111	1
1011011001101111	1
0111011000001010	1
0111011011011010	1
0111011011111010	1
0111011011010110	1
0111011011110110	1
0111011000011110	1
0111011011010001	1
0111011001000101	1
0111011010011011	1
0111011010111011	1
0111011001110111	1
0111011010001111	1
0111011001001111	1
0111011000011111	1
0111011011111111	1
1111011001011100	1
1111011011101010	1
1111011000011010	1
1111011011011010	1
1111011001111010	1
1111011011111010	1
1111011011010110	1
1111011011110110	1
1111011000111110	1
1111011011111110	1
1111011011000101	1
1111011000001101	1
1111011011101101	1
1111011001011101	1
1111011011011101	1
1111011011111101	1
1111011000000011	1
1111011001010011	1
1111011001110011	1
1111011010001011	1
1111011010101011	1
1111011010011011	1
1111011011010111	1
1111011011001111	1
1111011010011111	1
0000111010010000	1
0000111000011000	1
0000111001011000	1
0000111000010100	1
0000111001001100	1
0000111011011100	1
0000111011111100	1
0000111011010110	1
0000111000001110	1
0000111010001110	1
0000111000101110	1
0000111001011110	1
0000111011011110	1
0000111001011001	1
0000111000001101	1
0000111011011101	1
1000111000100100	1
1000111000011100	1
1000111011001101	1
1000111011011111	1
0100111000001100	1
0100111011111100	1
0100111011001101	1
0100111011111011	1
0100111000011111	1
1100111011111110	1
1100111011111101	1
1100111011001011	1
1100111001110111	1
1100111000011111	1
1100111011011111	1
1100111011111111	1
0010111011101000	1
0010111011100110	1
0010111011010111	1
0010111001101111	1
1010111001010011	1
1010111011100111	1
1010111000001111	1
1010111001011111	1
1010111001111111	1
0110111011001110	1
0110111010001011	1
0110111000011111	1
0110111001111111	1
0110111011111111	1
1110111011001100	1
1110111001000110	1
1110111011001110	1
1110111001011110	1
1110111011011110	1
1110111011101101	1
1110111000011101	1
1110111010011101	1
1110111011011101	1
1110111000110011	1
1110111011001011	1
1110111011111011	1
1110111011100111	1
1110111001010111	1
1110111011110111	1
1110111000001111	1
1110111011101111	1
1110111000011111	1
1110111010011111	1
1110111000111111	1
0001111000001000	1
0001111011101000	1
0001111010001100	1
0001111000011100	1
0001111011111100	1
0001111011000110	1
0001111010010110	1
0001111000001110	1
0001111011101110	1
0001111011111110	1
0001111011111011	1
0001111011100111	1
0001111011110111	1
0001111011101111	1
0001111000011111	1
0001111001011111	1
0001111011011111	1
1001111011010000	1
1001111011110010	1
1001111000001111	1
1001111001111111	1
0101111000011010	1
0101111001011101	1
0101111011011101	1
0101111000011011	1
0101111011011011	1
0101111011110111	1
0101111011001111	1
0101111010011111	1
0101111011111111	1
1101111011011100	1
1101111001111010	1
1101111011111010	1
1101111010001110	1
1101111011111110	1
1101111001010011	1
1101111001001011	1
1101111011000111	1
1101111000010111	1
1101111001110111	1
1101111010101111	1
1101111001011111	1
1101111000111111	1
1101111010111111	1
0011111001111010	1
0011111011001101	1
0011111001100111	1
0011111011010111	1
0011111001001111	1
0011111011101111	1
0011111001011111	1
1011111011111000	1
1011111011011010	1
1011111000001110	1
1011111001111110	1
1011111011111110	1
1011111001010101	1
1011111011110101	1
1011111011011101	1
1011111000111101	1
1011111011111101	1
1011111001011011	1
1011111011111011	1
1011111001000111	1
1011111011010111	1
1011111001110111	1
1011111010111111	1
0111111011111100	1
0111111011001010	1
0111111000011010	1
0111111011011010	1
0111111011111010	1
0111111011010110	1
0111111001110110	1
0111111010011110	1
0111111011011110	1
0111111010000101	1
0111111000010101	1
0111111011101101	1
0111111001011101	1
0111111011111101	1
0111111010100011	1
0111111001011011	1
0111111001111011	1
0111111011111011	1
0111111011000111	1
0111111010010111	1
0111111001010111	1
0111111010110111	1
0111111011001111	1
0111111000101111	1
0111111000111111	1
0111111010111111	1
1111111011110100	1
1111111000000110	1
1111111000010110	1
1111111011010110	1
1111111001110110	1
1111111000001110	1
1111111010011110	1
1111111001111110	1
1111111011111001	1
1111111011101101	1
1111111001011101	1
1111111001111101	1
1111111011010011	1
1111111001110011	1
1111111000001011	1
1111111010001011	1
1111111001001011	1
1111111011001011	1
1111111000011011	1
1111111000000111	1
1111111010010111	1
1111111010001111	1
0000000111010000	1
0000000101110000	1
0000000110101000	1
0000000101101000	1
0000000111101000	1
0000000100011000	1
0000000111011000	1
0000000101000100	1
0000000110100100	1
0000000111010100	1
0000000100111100	1
0000000110000010	1
0000000100100010	1
0000000111100010	1
0000000100110010	1
0000000100001010	1
0000000101100110	1
0000000101100001	1
0000000111100001	1
0000000100000101	1
0000000111110101	1
0000000100000011	1
0000000100110011	1
1000000110000000	1
1000000101000000	1
1000000110100000	1
1000000111100000	1
1000000100000100	1
1000000100000010	1
1000000100000001	1
1000000101000001	1
0100000110000000	1
0100000111100000	1
0100000100110000	1
0100000100101000	1
0100000100000001	1
0100000101000001	1
0100000110010111	1
1100000101000000	1
1100000101010000	1
1100000101001000	1
1100000100101000	1
1100000111110111	1
0010000111100000	1
0010000111110000	1
0010000110101000	1
0010000101101000	1
0010000111101000	1
0010000100101100	1
0010000100101001	1
0010000110100101	1
0010000100000011	1
0010000111100111	1
1010000100100000	1
1010000110000001	1
1010000111101111	1
0110000101100000	1
0110000100000001	1
1110000111110001	1
1110000111100011	1
1110000100001011	1
1110000111111011	1
1110000101100111	1
0001000110000000	1
0001000101100000	1
0001000100010000	1
0001000100110000	1
0001000100001000	1
0001000101101000	1
0001000111101000	1
0001000100100100	1
0001000101100100	1
0001000110000010	1
0001000101100010	1
0001000111100010	1
0001000101001010	1
0001000100000001	1
0001000100100001	1
0001000111100001	1
0001000111010011	1
0001000101100111	1
1001000100000000	1
1001000100100000	1
1001000110100000	1
1001000111100000	1
1001000100000100	1
1001000100000010	1
0101000110000000	1
0101000100100010	1
0101000111100001	1
1101000110000000	1
1101000101100000	1
1101000111100000	1
1101000100000100	1
1101000100001010	1
1101000100000110	1
1101000111110110	1
1101000110100011	1
1101000111100011	1
0011000100000000	1
0011000100001000	1
0011000101000100	1
0011000101000110	1
0011000100100110	1
0011000101100001	1
0011000100000011	1
0011000100100011	1
0011000101100011	1
0011000111100011	1
0011000110110011	1
0011000110111011	1
1011000111100011	1
0111000101000001	1
0111000111000011	1
0111000101100011	1
0111000111110011	1
0111000111001011	1
0111000111110111	1
0111000111101111	1
1111000101100000	1
1111000111010010	1
1111000101101010	1
1111000111110110	1
1111000101100001	1
1111000111000011	1
1111000110100011	1
1111000110010011	1
1111000111110011	1
1111000100001011	1
1111000111101011	1
1111000100000111	1
1111000110000111	1
1111000111100111	1
1111000110110111	1
0000100101100000	1
0000100101010000	1
0000100100110000	1
0000100100101000	1
0000100101101000	1
0000100111111000	1
0000100110100100	1
0000100100001100	1
0000100101101100	1
0000100100111100	1
0000100100000010	1
0000100100000110	1
0000100100100110	1
0000100101100110	1
0000100100110110	1
0000100110000001	1
0000100101100001	1
0000100110001001	1
0000100100100101	1
1000100100000100	1
1000100110100100	1
1000100100001100	1
1000100100000110	1
1000100111000001	1
1000100100000101	1
1000100111100101	1
0100100100100000	1
0100100100110100	1
0100100100100110	1
0100100111100111	1
1100100110000000	1
0010100100100000	1
0010100111110000	1
0010100110100100	1
0010100101100100	1
0010100111100100	1
0010100101001100	1
0010100110101100	1
0010100100000110	1
0010100111100101	1
0010100100101101	1
0010100111111111	1
1010100100000100	1
1010100100100101	1
1010100100100111	1
0110100111101011	1
1110100111100100	1
1110100110100111	1
1110100100110111	1
1110100111110111	1
0001100100000000	1
0001100111100000	1
0001100100110000	1
0001100100001000	1
0001100101000100	1
0001100111100100	1
0001100111110100	1
0001100100001100	1
0001100101001100	1
0001100101111100	1
0001100100000001	1
0001100111110111	1
1001100100000000	1
1001100100000100	1
1001100110100111	1
1001100101100111	1
0101100100100000	1
0101100100100100	1
1101100111100000	1
1101100100100100	1
1101100111001100	1
1101100111000111	1
1101100111110111	1
0011100100000000	1
0011100110100110	1
0011100110101101	1
0011100100011011	1
0011100111000111	1
0011100101100111	1
0011100111010111	1
0011100110110111	1
0011100101110111	1
0011100111110111	1
1011100111000001	1
1011100100110101	1
1011100111100011	1
1011100111100111	1
1011100101110111	1
0111100100100100	1
0111100111101110	1
0111100110100101	1
0111100111100101	1
0111100111010101	1
0111100111100011	1
0111100111110011	1
0111100111100111	1
0111100101010111	1
0111100111010111	1
0111100111110111	1
0111100100101111	1
0111100110101111	1
0111100110111111	1
1111100101010110	1
1111100100000101	1
1111100101100101	1
1111100111101101	1
1111100111011101	1
1111100110100011	1
1111100101110011	1
1111100111110011	1
1111100111111011	1
1111100100000111	1
1111100101110111	1
1111100111001111	1
1111100110101111	1
1111100111011111	1
1111100111111111	1
0000010110000000	1
0000010110100000	1
0000010101100000	1
0000010111100000	1
0000010110010000	1
0000010100110000	1
0000010110001000	1
0000010100011000	1
0000010101011000	1
0000010100000100	1
0000010101001100	1
0000010110101100	1
0000010101101100	1
0000010100000010	1
0000010101101010	1
0000010110011010	1
0000010110111001	1
0000010111101111	1
1000010100000000	1
1000010111001000	1
1000010101101000	1
1000010111000010	1
0100010100000000	1
0100010100101101	1
1100010111001100	1
0010010100001000	1
0010010111101000	1
0010010101101010	1
0010010100101001	1
0010010111111011	1
1010010100101000	1
1010010111001011	1
1010010111011111	1
0110010100000010	1
0110010101101001	1
0110010111101001	1
1110010111100011	1
1110010111101011	1
1110010101111111	1
0001010100100000	1
0001010100001000	1
0001010101101000	1
0001010111101000	1
0001010100001100	1
0001010100100010	1
0001010100001011	1
0001010111110111	1
1001010111111000	1
1001010100100111	1
0101010110001010	1
0101010111010011	1
0101010111101011	1
0101010111111011	1
0101010111110111	1
0101010111101111	1
0101010101111111	1
1101010111111010	1
1101010111111101	1
1101010101111011	1
1101010101101111	1
0011010100101100	1
0011010101111100	1
0011010101110010	1
0011010100001001	1
0011010100101011	1
0011010101001111	1
0011010100101111	1
0011010111101111	1
0011010101111111	1
0011010111111111	1
1011010111101010	1
1011010111110001	1
1011010110100011	1
1011010111100011	1
1011010101101011	1
1011010110011111	1
0111010111101010	1
0111010111111101	1
0111010100100011	1
0111010110100011	1
0111010111110011	1
0111010111001011	1
0111010100101011	1
0111010101011011	1
0111010101010111	1
0111010111110111	1
0111010100101111	1
0111010111101111	1
0111010101011111	1
0111010111111111	1
1111010111101000	1
1111010101001010	1
1111010111001010	1
1111010111011010	1
1111010111101001	1
1111010111000101	1
1111010100001101	1
1111010111101101	1
1111010111110011	1
1111010110001011	1
1111010111001011	1
1111010100101011	1
1111010110101011	1
1111010101011011	1
1111010111000111	1
1111010111010111	1
1111010110101111	1
0000110110110000	1
0000110110101000	1
0000110101101000	1
0000110101011000	1
0000110100000100	1
0000110101000100	1
0000110110100100	1
0000110111110100	1
0000110110001100	1
0000110101101100	1
0000110100111100	1
0000110100100010	1
0000110111101110	1
0000110100101101	1
1000110100101000	1
1000110100000100	1
1000110100101100	1
0100110100101100	1
0100110111000101	1
1100110101100000	1
1100110101111110	1
1100110111111110	1
1100110100101101	1
1100110101010111	1
1100110111101111	1
0010110100001100	1
0010110110101100	1
0010110101101100	1
0010110100000001	1
0010110100101001	1
0010110101001101	1
0010110111111111	1
1010110111100111	1
0110110111000111	1
0110110110101111	1
0110110111101111	1
0110110111111111	1
1110110100111010	1
1110110111011110	1
1110110100001101	1
1110110111111101	1
1110110111001011	1
1110110100101011	1
1110110101101011	1
1110110111010111	1
1110110101101111	1
1110110100111111	1
1110110110111111	1
1110110111111111	1
0001110100101000	1
0001110111101000	1
0001110101011000	1
0001110100000100	1
0001110100001100	1
0001110100101100	1
0001110100111100	1
0001110111101110	1
0001110101001101	1
0001110101110111	1
0001110100101111	1
1001110110101110	1
1001110101101111	1
0101110100001000	1
0101110110110110	1
0101110100101001	1
0101110101011101	1
0101110110111101	1
0101110111111011	1
0101110100001111	1
1101110111110110	1
1101110111101110	1
1101110100111110	1
1101110111101011	1
1101110101111011	1
1101110111010111	1
1101110111110111	1
1101110100001111	1
1101110110101111	1
1101110110011111	1
1101110101011111	1
1101110110111111	1
1101110111111111	1
0011110111101010	1
0011110111101001	1
0011110101110101	1
0011110100111011	1
0011110101100111	1
0011110111100111	1
0011110111110111	1
0011110101001111	1
0011110100101111	1
1011110111111110	1
1011110110101001	1
1011110111001011	1
1011110101101011	1
1011110111100111	1
1011110101111111	1
0111110110001110	1
0111110111101001	1
0111110100100101	1
0111110111101101	1
0111110101111101	1
0111110111111101	1
0111110111111011	1
0111110100000111	1
0111110111010111	1
0111110111110111	1
0111110111001111	1
0111110101111111	1
1111110111111100	1
1111110111100110	1
1111110100001110	1
1111110101001110	1
1111110111100101	1
1111110100001101	1
1111110111001101	1
1111110101101101	1
1111110111101101	1
1111110100111101	1
1111110111100011	1
1111110100011011	1
1111110111111011	1
1111110100100111	1
1111110101100111	1
1111110101010111	1
1111110111110111	1
1111110101001111	1
0000001110000000	1
0000001101000000	1
0000001111000000	1
0000001100010000	1
0000001100011000	1
0000001111011000	1
0000001100111000	1
0000001100000100	1
0000001101000100	1
0000001110100100	1
0000001101100100	1
0000001101110100	1
0000001111101100	1
0000001101000010	1
0000001101010010	1
0000001111100001	1
0000001100111001	1
0000001111010101	1
0000001101010011	1
1000001110100000	1
1000001100110000	1
1000001100110100	1
1000001111111011	1
0100001100000000	1
0100001101000000	1
0100001111100000	1
0100001111010000	1
0100001101110000	1
0100001111100100	1
1100001100000000	1
1100001100100100	1
1100001100110001	1
1100001111010011	1
1100001111110111	1
0010001100100000	1
0010001110100000	1
0010001111100000	1
0010001110010000	1
0010001111110000	1
0010001111101000	1
0010001100010100	1
0010001111110100	1
0010001100110010	1
0010001111110001	1
0010001111010011	1
1010001111110000	1
1010001111111001	1
1010001111110011	1
1010001101101011	1
1010001111110111	1
0110001100100001	1
0110001101110011	1
1110001101000000	1
1110001111110010	1
1110001101000001	1
1110001111110001	1
1110001111010011	1
1110001110110111	1
1110001111110111	1
0001001101100000	1
0001001111100000	1
0001001100010000	1
0001001110010000	1
0001001101010000	1
0001001101110000	1
0001001111110000	1
0001001101111000	1
0001001111111000	1
0001001100010010	1
0001001111010010	1
0001001111110010	1
0001001111010001	1
0001001111110011	1
0001001111110111	1
1001001111110000	1
1001001111110111	1
0101001100101000	1
0101001111110110	1
0101001111111001	1
0101001101010011	1
0101001110110011	1
0101001101110011	1
0101001111101011	1
0101001100111011	1
0101001111111011	1
1101001101100010	1
1101001111111010	1
1101001111110001	1
1101001111110101	1
1101001111111011	1
1101001110100111	1
1101001111100111	1
1101001111101111	1
1101001101111111	1
1101001111111111	1
0011001110110000	1
0011001111101010	1
0011001110111010	1
0011001111110001	1
0011001100000011	1
0011001101110011	1
0011001101111011	1
0011001110111111	1
0011001111111111	1
1011001110010010	1
1011001111010110	1
1011001101110001	1
1011001111110001	1
1011001101111001	1
1011001100110011	1
0111001111110010	1
0111001101111010	1
0111001111110110	1
0111001111010001	1
0111001111110001	1
0111001111010101	1
0111001101010011	1
0111001111010011	1
0111001110110011	1
0111001111100111	1
0111001111010111	1
0111001110110111	1
0111001111101111	1
0111001100111111	1
0111001111111111	1
1111001111110100	1
1111001111010010	1
1111001111110010	1
1111001101000110	1
1111001111100110	1
1111001101110110	1
1111001111100001	1
1111001111010001	1
1111001110110001	1
1111001111110001	1
1111001101100101	1
1111001111000011	1
1111001101100011	1
1111001101010011	1
1111001110111011	1
1111001111111011	1
1111001101100111	1
1111001100110111	1
1111001111101111	1
1111001111011111	1
0000101100000000	1
0000101111000000	1
0000101100010000	1
0000101111010000	1
0000101101000100	1
0000101111100100	1
0000101110010100	1
0000101100110100	1
0000101110110100	1
0000101101001100	1
0000101101111100	1
0000101111111100	1
0000101100100010	1
0000101111110110	1
0000101111010111	1
1000101100100000	1
1000101100110000	1
1000101100000100	1
1000101100100100	1
1000101111100100	1
1000101111110100	1
0100101111110000	1
0100101110110100	1
0100101100110101	1
0100101111110111	1
1100101100110000	1
1100101111110000	1
1100101111001000	1
1100101100110100	1
1100101111110100	1
1100101111111100	1
1100101101110110	1
1100101111111111	1
0010101111110000	1
0010101110110100	1
0010101111110100	1
0010101110011101	1
0010101111100111	1
0010101110011111	1
1010101110110110	1
1010101111110110	1
1010101111110001	1
1010101111110101	1
1010101111100111	1
1010101111110111	1
1010101111011111	1
0110101111010111	1
0110101111111111	1
1110101111110100	1
1110101110110110	1
1110101111011110	1
1110101100010001	1
1110101100100101	1
1110101110010101	1
1110101100001101	1
1110101111110011	1
1110101111000111	1
1110101110100111	1
1110101111010111	1
1110101100110111	1
1110101101110111	1
1110101110101111	1
1110101111101111	1
0001101111100000	1
0001101100010100	1
0001101100110100	1
0001101101110100	1
0001101111110100	1
0001101111110010	1
0001101111100110	1
0001101100010110	1
0001101101110110	1
0001101111110110	1
0001101100111110	1
0001101110100001	1
0001101100000101	1
0001101111100111	1
0001101111010111	1
0001101111111111	1
1001101101010110	1
1001101100110111	1
1001101111111111	1
0101101100000101	1
0101101111000101	1
0101101110110101	1
0101101111010011	1
0101101110111011	1
0101101100100111	1
0101101100110111	1
0101101110110111	1
0101101111101111	1
0101101111111111	1
1101101100110000	1
1101101111110010	1
1101101111010110	1
1101101111000101	1
1101101111110101	1
1101101111000011	1
1101101111110011	1
1101101110000111	1
1101101111100111	1
1101101100110111	1
1101101101110111	1
1101101111011111	1
1101101100111111	1
1101101101111111	1
0011101100110100	1
0011101111110100	1
0011101111100001	1
0011101111111101	1
0011101111000011	1
0011101111110011	1
0011101110100111	1
0011101111100111	1
0011101100110111	1
0011101101110111	1
1011101110110100	1
1011101111100011	1
1011101101010111	1
1011101111010111	1
1011101111101111	1
0111101111010100	1
0111101101110100	1
0111101111110100	1
0111101111110010	1
0111101111100110	1
0111101101110110	1
0111101111110110	1
0111101111111110	1
0111101110100101	1
0111101111010101	1
0111101101110101	1
0111101111111101	1
0111101111110011	1
0111101111000111	1
0111101110100111	1
0111101111010111	1
0111101100110111	1
0111101110111111	1
1111101111110100	1
1111101111110010	1
1111101101101010	1
1111101111000110	1
1111101111100110	1
1111101111010001	1
1111101101110101	1
1111101101011101	1
1111101100111101	1
1111101111111101	1
1111101100110011	1
1111101101110011	1
1111101111001011	1
1111101111011011	1
1111101100010111	1
1111101100110111	1
1111101110101111	1
1111101111101111	1
1111101111011111	1
1111101100111111	1
0000011100000000	1
0000011110010000	1
0000011110110000	1
0000011111110000	1
0000011110101000	1
0000011111011000	1
0000011100111000	1
0000011100100100	1
0000011100111100	1
0000011110111100	1
0000011101111100	1
0000011111110010	1
0000011111001011	1
0000011111111111	1
1000011100101000	1
1000011111101000	1
1000011101111000	1
0100011111110100	1
0100011101101100	1
0100011111111010	1
0100011111110011	1
1100011100011000	1
1100011110111000	1
1100011111101010	1
1100011111111101	1
1100011111110011	1
1100011110111011	1
1100011110011111	1
1100011101011111	1
1100011111111111	1
0010011100000000	1
0010011111110000	1
0010011100111000	1
0010011101111000	1
0010011111111010	1
0010011111111110	1
0010011100110001	1
0010011100110101	1
0010011110111011	1
0010011110101111	1
0010011111101111	1
1010011111111001	1
1010011111101111	1
0110011111111010	1
0110011111111101	1
1110011111110000	1
1110011111111100	1
1110011111001010	1
1110011101011010	1
1110011111111110	1
1110011111110001	1
1110011111111001	1
1110011110011101	1
1110011111111101	1
1110011101110011	1
1110011111101011	1
1110011111011011	1
1110011111111011	1
1110011111110111	1
1110011111011111	1
1110011100111111	1
0001011111110000	1
0001011100001100	1
0001011111110110	1
0001011111111110	1
0001011110110011	1
0001011111110011	1
0001011100111011	1
1001011111111010	1
1001011111111110	1
1001011101011011	1
1001011111011011	1
1001011111111011	1
1001011111110111	1
1001011101111111	1
0101011111110110	1
0101011100111110	1
1101011101100010	1
1101011111110010	1
1101011111111010	1
1101011111111110	1
1101011111111001	1
1101011101110011	1
1101011111110111	1
1101011100111111	1
0011011111011010	1
0011011101111010	1
0011011111111010	1
0011011111100110	1
0011011101101110	1
0011011101011001	1
0011011100111001	1
0011011111110101	1
0011011101101101	1
0011011111111101	1
0011011110100011	1
0011011111100011	1
0011011111011011	1
0011011110111011	1
0011011101111011	1
0011011111111011	1
0011011101010111	1
0011011100110111	1
0011011110110111	1
0011011111110111	1
0011011110001111	1
0011011111101111	1
0011011101011111	1
1011011111101010	1
1011011111111110	1
1011011111101001	1
1011011111110101	1
1011011111010011	1
1011011111011011	1
1011011110111011	1
1011011101111011	1
1011011100110111	1
1011011111101111	1
1011011100111111	1
1011011101111111	1
0111011111011010	1
0111011101111010	1
0111011111110110	1
0111011111101110	1
0111011100111110	1
0111011111111110	1
0111011111110101	1
0111011111100011	1
0111011111110011	1
0111011110110111	1
0111011111011111	1
1111011111101100	1
1111011111111100	1
1111011101100010	1
1111011111011010	1
1111011110111010	1
1111011111111010	1
1111011111100110	1
1111011111110110	1
1111011100111110	1
1111011100100001	1
1111011110110001	1
1111011111011001	1
1111011101110101	1
1111011111110101	1
1111011101111101	1
1111011100110011	1
1111011110110011	1
1111011100111011	1
1111011100000111	1
1111011111000111	1
1111011110010111	1
1111011101010111	1
1111011101110111	1
1111011100101111	1
0000111101100000	1
0000111101110000	1
0000111101101000	1
0000111100111000	1
0000111110110100	1
0000111101011100	1
0000111100111100	1
0000111101111100	1
0000111111111100	1
0000111101110110	1
0000111111111110	1
0000111111100001	1
0000111100001001	1
0000111100110101	1
1000111111100000	1
1000111111011000	1
0100111101111100	1
0100111111111110	1
0100111110111101	1
0100111111111101	1
0100111110111011	1
0100111111110111	1
1100111111111100	1
1100111111110110	1
1100111111111101	1
1100111111011011	1
1100111100111011	1
1100111110110111	1
1100111100001111	1
1100111110111111	1
0010111111111000	1
0010111100101100	1
0010111111101100	1
0010111110111100	1
0010111111111001	1
0010111110111011	1
0010111111101111	1
0010111111011111	1
1010111111101101	1
1010111111111011	1
1010111111100111	1
1010111110011111	1
1010111101111111	1
0110111111010110	1
0110111101111110	1
0110111101111101	1
0110111111011011	1
0110111111111011	1
0110111111110111	1
0110111101001111	1
0110111111001111	1
0110111101111111	1
1110111111111000	1
1110111110101110	1
1110111111011110	1
1110111101111110	1
1110111100111001	1
1110111111110101	1
1110111110111101	1
1110111100110011	1
1110111111000111	1
1110111111100111	1
1110111111010111	1
1110111110110111	1
1110111110101111	1
1110111100111111	1
0001111100110100	1
0001111100111100	1
0001111111101010	1
0001111111111010	1
0001111111110110	1
0001111110111110	1
0001111111111110	1
0001111111110101	1
0001111110111111	1
0001111101111111	1
1001111111010110	1
1001111111011110	1
1001111110111011	1
1001111111110111	1
1001111100001111	1
1001111101101111	1
1001111110111111	1
0101111111111000	1
0101111101000100	1
0101111101011110	1
0101111100111110	1
0101111111110101	1
0101111111100111	1
0101111111101111	1
0101111110111111	1
1101111111110110	1
1101111111101110	1
1101111111011110	1
1101111100111110	1
1101111111111001	1
1101111111110101	1
1101111111001101	1
1101111111101101	1
1101111101111101	1
1101111111000011	1
1101111111110011	1
1101111111001011	1
1101111111101011	1
1101111111011011	1
1101111110111011	1
1101111111010111	1
1101111110110111	1
1101111101110111	1
1101111110001111	1
1101111111001111	1
1101111100101111	1
0011111111111100	1
0011111111010110	1
0011111111011110	1
0011111100111110	1
0011111101111110	1
0011111111100101	1
0011111111110101	1
0011111111110011	1
0011111111011011	1
0011111110111011	1
0011111101100111	1
0011111111100111	1
0011111100110111	1
1011111111011010	1
1011111111111010	1
1011111111100110	1
1011111100110110	1
1011111110110110	1
1011111110111110	1
1011111101110101	1
1011111111011101	1
1011111100111011	1
1011111110100111	1
1011111101111111	1
0111111111111000	1
0111111110111100	1
0111111111111100	1
0111111111111010	1
0111111111100110	1
0111111100110110	1
0111111111110110	1
0111111101101110	1
0111111111101110	1
0111111101111110	1
0111111111110001	1
0111111111001101	1
0111111101101101	1
0111111111101101	1
0111111101011101	1
0111111110111101	1
0111111111100011	1
0111111111010011	1
0111111111001011	1
0111111101101011	1
0111111100111011	1
0111111101000111	1
0111111100100111	1
0111111111010111	1
0111111111001111	1
0111111100101111	1
0111111110101111	1
0111111110011111	1
0111111101011111	1
1111111111110100	1
1111111101011100	1
1111111111111100	1
1111111100110010	1
1111111111101010	1
1111111111000110	1
1111111101010110	1
1111111111110110	1
1111111100011110	1
1111111110111110	1
1111111111011001	1
1111111111111001	1
1111111101010101	1
1111111111000011	1
1111111110110011	1
1111111111001011	1
1111111110101011	1
1111111110011011	1
1111111111011011	1
1111111100111011	1
1111111100001111	1
1111111101001111	1
