VALUES		COUNTS

0000000000000000	879
1111100011111110	422
0100000000001000	312
0000000000000010	154
1011100011110110	147
1111100011111100	134
0010000000010000	127
0100000000000000	112
1000000000000100	109
0000000000000100	102
0001000000100000	92
1000000000000110	91
1000000000000000	85
1101100011111110	84
0011100011110000	80
0000000000001000	75
0000000000010000	75
0001000000000000	72
1100000000001110	66
1011100011111110	63
0111100011111010	62
0111100011111110	62
1111100011110110	61
0000000000100000	60
1111100011011110	57
1110100011111110	56
1101100011101110	49
0000000010000000	48
1111100001111110	47
1111100011101110	47
1111000011111110	46
1111100011111010	46
1111100010111110	45
0001100011100000	44
0100000000001010	44
1001100011100110	40
1110100011011110	39
0111100011111000	38
0101000000101000	36
1011100011110100	36
1100000000001100	36
0000000000000110	35
0000000001000000	32
0000100000000000	32
1000000000000010	31
1001100011110110	29
0000100011000000	25
1101100011111100	25
0010000000000000	24
0100000000001100	24
0100000000011000	23
0100000000101000	23
0101000000001000	23
0110000000011000	23
1011100011010110	23
1011100011111100	23
0011100011110110	22
1100000000000110	22
1011100011100110	21
0001100011110000	20
0111100011111100	20
1111100011011100	20
1011000011110110	19
1101100001111110	19
1111100011110100	19
0001000000100010	18
0100000000001110	18
0100000010001000	18
1010100011010110	18
1011100010110110	18
1111100011101100	18
0010000000010010	17
1010100011110110	17
1011100001110110	17
1100000000001000	17
1111100010111100	17
1111100011111000	17
0011100011110010	16
1001000000100100	16
1101100011100110	16
1101100011101100	16
1110100011111100	16
0001000010100000	15
0011000000010000	15
0011100011100000	15
0001000000000010	14
0001000000100100	14
0101100011111010	14
1001000000100000	14
1100000000000100	14
1100100011001110	14
1111000010111110	14
0010000000010100	13
0011000011110000	13
0011100001110000	13
0101100011111110	13
1010100011111110	13
1011100011110010	13
1100000000001010	13
1101100011011110	13
1110000000011110	13
1111000011111100	13
0000000000001100	12
0101000000100000	12
1000000000001110	12
1000000000010100	12
1011100010110100	12
0001000000101000	11
0010100011010000	11
0011100011010000	11
0011100011111110	11
0100000010000000	11
0111100011110110	11
1000000000001100	11
1010000000010000	11
1101000000101110	11
1101100010111110	11
1101100011110110	11
0000000000010010	10
0000100001000000	10
0001000000110000	10
0011100010110000	10
0100000000000010	10
0111000011111110	10
0111100011110000	10
1010100011110100	10
1011100011101110	10
1111000000111110	10
1111100011100110	10
0010000001010000	9
0010000010010000	9
0011100011110100	9
0100000000010000	9
0100000000100000	9
0101000000000000	9
0110000000000000	9
0110000000001000	9
0110000000010000	9
0110100011011010	9
0110100011111010	9
0110100011111110	9
0111000011111010	9
0111100001111110	9
0111100010111010	9
0111100011110010	9
1000000010000100	9
1001000000000000	9
1001000000000100	9
1001000000000110	9
1001000000100110	9
1001100011110100	9
1011100010111110	9
1011100011011110	9
1011100011110000	9
1100100011011110	9
1101100011111010	9
1110000011111110	9
1110100011001110	9
1111000011111010	9
0000000000001010	8
0000000000010100	8
0000000000100100	8
0000000010000100	8
0001100011000000	8
0010000000110000	8
0100000000000100	8
0100100000001000	8
0111100010111110	8
0111100011011010	8
1000000000100000	8
1001100011101110	8
1011000011111110	8
1100000000011110	8
1100100011101110	8
1101100010101110	8
1110100011011100	8
1110100011110110	8
1111100001110110	8
1111100001111100	8
1111100011001110	8
1111100011110010	8
0000000000100010	7
0000000010000010	7
0000000011000000	7
0001100011100010	7
0011100011111010	7
0101100011101010	7
0111100001111010	7
1000000000001000	7
1000000000100100	7
1001100010100110	7
1001100011100100	7
1001100011111110	7
1011000011100110	7
1110000000011100	7
1110100001011110	7
1111100000111110	7
1111100010011110	7
1111100010111010	7
1111100011011010	7
0000100011100000	6
0001000000001000	6
0001000001000000	6
0001000001100000	6
0001000010000000	6
0010000000000010	6
0010100001010000	6
0010100011110000	6
0100000001000000	6
0101100011111000	6
0110100011011110	6
0111100011011000	6
0111100011101010	6
1000000000100110	6
1000100010000110	6
1001100011100010	6
1010000000010100	6
1011100011100010	6
1011100011111010	6
1100000000101110	6
1100100011111110	6
1101100011101010	6
1110100011011010	6
1110100011111010	6
1111100001111010	6
0000000001010000	5
0000100000000010	5
0001100000000000	5
0001100011110010	5
0011100011010010	5
0011100011111000	5
0100000001001000	5
0101100010101010	5
0101100011101110	5
0110100011011000	5
0110100011111000	5
0111100011011110	5
0111100011101110	5
1000000000010110	5
1000000001000010	5
1000000001000100	5
1000000010000000	5
1000100011001110	5
1000100011100110	5
1001000011100110	5
1001000011110110	5
1010000000010110	5
1010100011010010	5
1011100001111110	5
1100000000000000	5
1100000000000010	5
1100000011001110	5
1100100011001100	5
1101000010111110	5
1101100011001110	5
1101100011101000	5
1110000000001110	5
1110100010111110	5
1110100011010110	5
1111000010111100	5
1111100001110100	5
1111100010110110	5
1111100011011000	5
0000000000001110	4
0000000000110000	4
0000000001000010	4
0000000001001000	4
0001000000100110	4
0001100011100110	4
0001100011101010	4
0001100011110100	4
0010100011010110	4
0011100001111000	4
0011100011010110	4
0011100011011010	4
0011100011101110	4
0100000000101010	4
0100100000000000	4
0100100000001100	4
0100100001001010	4
0100100011000000	4
0100100011101000	4
0100100011111010	4
0101000000100010	4
0101000000101010	4
0101000010101000	4
0101100011100000	4
0101100011110000	4
0110000000011010	4
0111100010011010	4
0111100011100110	4
0111100011101000	4
1000000000010000	4
1000000010000110	4
1000100000000000	4
1000100011000100	4
1001000000000010	4
1001100001110110	4
1001100011000110	4
1001100011110000	4
1010000000000110	4
1010000000010010	4
1010000011110110	4
1011000010110110	4
1011100001010110	4
1011100010101110	4
1011100010110000	4
1011100011000110	4
1011100011010100	4
1011100011111000	4
1100100000000100	4
1100100011100100	4
1101000000101100	4
1101000011110110	4
1101000011111110	4
1101100001001110	4
1101100011100100	4
1110000011011110	4
1110100001111110	4
1110100010011110	4
1110100011001100	4
1111000001111110	4
1111000011011110	4
1111000011101110	4
1111000011110110	4
1111100001101110	4
1111100010011100	4
1111100011101010	4
0000000000010110	3
0000000000100110	3
0000000000101000	3
0000000000110010	3
0000000001000100	3
0000000001000110	3
0000000010001000	3
0000100000001000	3
0000100000010000	3
0000100000100000	3
0000100011000010	3
0000100011110000	3
0000100011110110	3
0001000000010000	3
0001000000110010	3
0001000011100000	3
0001100000100000	3
0001100011101000	3
0001100011110110	3
0001100011111110	3
0010000000000100	3
0010000000010110	3
0010000000011000	3
0010100000010000	3
0010100011110110	3
0011000000000000	3
0011000011110110	3
0011100010010000	3
0011100010110010	3
0011100010110110	3
0011100010111110	3
0011100011101010	3
0100000000000110	3
0100100011001000	3
0100100011001100	3
0100100011001110	3
0101000000001100	3
0101000000001110	3
0101000000111000	3
0101000011111110	3
0101100001100000	3
0101100001101010	3
0101100011101000	3
0101100011110110	3
0110100001111000	3
0110100011010010	3
0111000000101000	3
0111000000111110	3
0111000001111110	3
0111000010111110	3
0111100001011110	3
0111100011001110	3
0111100011010000	3
0111100011010110	3
0111100011011100	3
0111100011100010	3
1000000000010010	3
1000000000011100	3
1000000001000110	3
1000000010000010	3
1000100000000100	3
1000100000000110	3
1000100000001110	3
1000100001000100	3
1000100011000110	3
1000100011011110	3
1000100011100100	3
1000100011111110	3
1001000000001100	3
1001100001100110	3
1001100001101110	3
1001100010110110	3
1001100011100000	3
1001100011110010	3
1001100011111100	3
1010000000000000	3
1010000000000100	3
1010000000001110	3
1010000011010110	3
1010100001111110	3
1010100010010110	3
1010100011010100	3
1010100011011100	3
1010100011011110	3
1010100011100110	3
1011100001110100	3
1011100010100110	3
1100000000101100	3
1100000001001110	3
1100000010001110	3
1100100001001110	3
1100100010001110	3
1101000000001100	3
1101000000001110	3
1101000000100100	3
1101000000100110	3
1101000001001110	3
1101000011111100	3
1101100001101110	3
1101100001111100	3
1101100010101100	3
1101100010111100	3
1101100011110010	3
1110000000111110	3
1110000011011100	3
1110000011111100	3
1110100010001110	3
1110100011101110	3
1111000000101110	3
1111000000111100	3
1111000010011110	3
1111000010101110	3
1111100000111100	3
1111100001011100	3
1111100001011110	3
1111100010001110	3
1111100011010100	3
1111100011010110	3
0000000000011000	2
0000000000101100	2
0000000001100000	2
0000000010010100	2
0000000011100000	2
0000100000000100	2
0000100001100000	2
0000100010000000	2
0000100011001000	2
0000100011010000	2
0000100011100110	2
0000100011111000	2
0001000000000100	2
0001000000001010	2
0001000011000000	2
0001000011110000	2
0001100000000010	2
0001100001100000	2
0001100001110110	2
0001100010110000	2
0001100011000010	2
0001100011000100	2
0001100011010000	2
0001100011100100	2
0001100011101110	2
0001100011111100	2
0010000000011010	2
0010000000110010	2
0010000000110100	2
0010000001000000	2
0010000011110000	2
0010100000010010	2
0010100011000000	2
0010100011010010	2
0010100011010100	2
0010100011110100	2
0010100011111110	2
0011000000001000	2
0011000010010000	2
0011000011010000	2
0011000011100000	2
0011000011110010	2
0011000011110100	2
0011100001110010	2
0011100001110110	2
0011100010010010	2
0011100011000000	2
0011100011011110	2
0011100011100010	2
0011100011100100	2
0011100011101000	2
0100000000011010	2
0100000000100010	2
0100000000100100	2
0100000001001110	2
0100000010011000	2
0100100000001010	2
0100100001001000	2
0100100010000000	2
0100100011001010	2
0100100011011000	2
0100100011111110	2
0101000000001010	2
0101000011100000	2
0101000011101010	2
0101100000001000	2
0101100000101000	2
0101100001101000	2
0101100001111010	2
0101100010101110	2
0101100011000000	2
0101100011000010	2
0101100011001100	2
0101100011011110	2
0101100011100010	2
0101100011101100	2
0101100011111100	2
0110000011011110	2
0110000011111000	2
0110100001111010	2
0110100001111110	2
0110100011001110	2
0110100011101010	2
0110100011110000	2
0111000011101010	2
0111000011111000	2
0111100001111000	2
0111100010101110	2
0111100010111100	2
0111100011000110	2
0111100011001010	2
1000000000100010	2
1000000000101110	2
1000000000110010	2
1000000000110110	2
1000000001000000	2
1000000010110110	2
1000000011000000	2
1000000011000110	2
1000100000000010	2
1000100000100100	2
1000100001000000	2
1000100001000010	2
1000100011000010	2
1000100011010110	2
1000100011011100	2
1001000000010110	2
1001000000101100	2
1001000010110110	2
1001000011101110	2
1001100001000000	2
1001100001010100	2
1001100010101110	2
1001100010111110	2
1001100011001110	2
1001100011101100	2
1010000000001000	2
1010000000011100	2
1010000000011110	2
1010000010010110	2
1010000011011110	2
1010100000010100	2
1010100001010110	2
1010100001101110	2
1010100010110110	2
1010100011110010	2
1011000000010110	2
1011000000110100	2
1011000000111110	2
1011000010100110	2
1011000010111100	2
1011000010111110	2
1011000011110100	2
1011100001100110	2
1011100001110010	2
1011100001111100	2
1011100010100000	2
1011100010110010	2
1011100010111100	2
1011100011010010	2
1011100011011000	2
1011100011011100	2
1011100011100100	2
1100000000011000	2
1100000000011100	2
1100000000100000	2
1100000000101000	2
1100000001000000	2
1100000001001100	2
1100000010000110	2
1100000010001010	2
1100100000001100	2
1100100001101110	2
1100100010001100	2
1100100011000110	2
1100100011001010	2
1100100011101100	2
1100100011110110	2
1100100011111010	2
1101000000101000	2
1101000000111110	2
1101000011001110	2
1101000011100110	2
1101000011101100	2
1101000011101110	2
1101100000001110	2
1101100000111110	2
1101100001100110	2
1101100001101010	2
1101100001101100	2
1101100010001110	2
1101100010110010	2
1101100011001100	2
1101100011011010	2
1110000000001100	2
1110000000010000	2
1110000000011010	2
1110100001011100	2
1110100001111100	2
1110100010110010	2
1110100010111100	2
1110100011010010	2
1110100011101100	2
1111000000110110	2
1111000010110110	2
1111000010111010	2
1111000011101010	2
1111000011101100	2
1111000011110100	2
1111100001010110	2
1111100001111000	2
1111100010101100	2
1111100010101110	2
1111100010111000	2
1111100011001100	2
1111100011100100	2
1111100011101000	2
0000000000011110	1
0000000000101010	1
0000000000110110	1
0000000000111000	1
0000000001010010	1
0000000001011100	1
0000000001101000	1
0000000010000110	1
0000000010010000	1
0000000010100010	1
0000000010100100	1
0000000011000010	1
0000000011000100	1
0000000011001000	1
0000000011010000	1
0000000011110000	1
0000100000001010	1
0000100000001110	1
0000100000011000	1
0000100000100100	1
0000100001000010	1
0000100001010000	1
0000100001101000	1
0000100001110000	1
0000100010010000	1
0000100010110000	1
0000100010110010	1
0000100011000100	1
0000100011000110	1
0000100011010100	1
0000100011011010	1
0000100011101000	1
0000100011101110	1
0000100011110100	1
0001000000000110	1
0001000000001100	1
0001000000010110	1
0001000000101010	1
0001000000101100	1
0001000001000010	1
0001000001000100	1
0001000001000110	1
0001000001100010	1
0001000001100100	1
0001000001110000	1
0001000010101000	1
0001000010110100	1
0001000011011010	1
0001000011100010	1
0001000011100100	1
0001000011110010	1
0001000011111010	1
0001100000000100	1
0001100000010000	1
0001100000100010	1
0001100000100100	1
0001100000101000	1
0001100001000000	1
0001100001100110	1
0001100001101000	1
0001100001111110	1
0001100010100000	1
0001100011000110	1
0001100011001010	1
0001100011001100	1
0001100011010010	1
0001100011010100	1
0001100011111000	1
0001100011111010	1
0010000000001010	1
0010000000100000	1
0010000000100100	1
0010000000101000	1
0010000001001000	1
0010000001010010	1
0010000010010010	1
0010000010010110	1
0010000010011000	1
0010000010110110	1
0010000011010010	1
0010000011011000	1
0010100000000000	1
0010100000000110	1
0010100000001000	1
0010100000011000	1
0010100000011010	1
0010100000111000	1
0010100001000110	1
0010100001001000	1
0010100001010110	1
0010100001100000	1
0010100001110100	1
0010100001110110	1
0010100001111010	1
0010100010010000	1
0010100010010110	1
0010100010110000	1
0010100010110110	1
0010100011000010	1
0010100011001000	1
0010100011011000	1
0010100011110010	1
0010100011111000	1
0011000000010010	1
0011000000010100	1
0011000000010110	1
0011000000100010	1
0011000000101000	1
0011000000110000	1
0011000000110010	1
0011000001100010	1
0011000001110000	1
0011000010110000	1
0011000010110110	1
0011000011111000	1
0011000011111010	1
0011000011111100	1
0011100000000000	1
0011100000010000	1
0011100000110000	1
0011100001100000	1
0011100001100100	1
0011100001101000	1
0011100001110100	1
0011100001111100	1
0011100010010110	1
0011100010100000	1
0011100010100110	1
0011100010101010	1
0011100010111000	1
0011100010111010	1
0011100010111100	1
0011100011000010	1
0011100011000110	1
0011100011001110	1
0011100011011000	1
0011100011100110	1
0011100011111100	1
0100000000010010	1
0100000000010100	1
0100000000010110	1
0100000000011100	1
0100000000011110	1
0100000000101100	1
0100000000101110	1
0100000000110010	1
0100000000111000	1
0100000000111010	1
0100000000111100	1
0100000001000110	1
0100000001010110	1
0100000001011000	1
0100000001100000	1
0100000010000010	1
0100000010001010	1
0100000010001100	1
0100000010001110	1
0100000010100000	1
0100000010101000	1
0100000010101010	1
0100000010101100	1
0100000011001000	1
0100000011001110	1
0100000011100000	1
0100000011101110	1
0100100000000010	1
0100100001000000	1
0100100001010000	1
0100100001010010	1
0100100001111010	1
0100100010001000	1
0100100010001110	1
0100100010011010	1
0100100010101000	1
0100100011000010	1
0100100011000110	1
0100100011011010	1
0100100011011100	1
0100100011100000	1
0100100011101010	1
0100100011101100	1
0100100011110000	1
0101000000000110	1
0101000000011000	1
0101000000101100	1
0101000000101110	1
0101000000110000	1
0101000001001110	1
0101000001100000	1
0101000010000000	1
0101000010001000	1
0101000010010000	1
0101000010100000	1
0101000010111110	1
0101000011000000	1
0101000011101000	1
0101000011101110	1
0101000011111000	1
0101100000001010	1
0101100000101010	1
0101100000111000	1
0101100010000110	1
0101100010101000	1
0101100010110110	1
0101100010111110	1
0101100011001000	1
0101100011001110	1
0101100011010010	1
0101100011011000	1
0101100011011100	1
0110000000000010	1
0110000000001010	1
0110000000010010	1
0110000000011100	1
0110000000101000	1
0110000000101010	1
0110000001001000	1
0110000001011000	1
0110000001011110	1
0110000010010000	1
0110000010011000	1
0110000010011110	1
0110000011011100	1
0110000011101010	1
0110000011110010	1
0110000011110110	1
0110000011111110	1
0110100000011000	1
0110100001010010	1
0110100010001010	1
0110100010011000	1
0110100010011110	1
0110100010110110	1
0110100010111010	1
0110100010111110	1
0110100011000110	1
0110100011001010	1
0110100011001100	1
0110100011010000	1
0110100011010110	1
0110100011011100	1
0110100011101000	1
0110100011101100	1
0110100011110010	1
0110100011110110	1
0110100011111100	1
0111000000001010	1
0111000000001100	1
0111000000111000	1
0111000000111100	1
0111000001101000	1
0111000001101010	1
0111000010011000	1
0111000010111000	1
0111000010111010	1
0111000011000000	1
0111000011011000	1
0111000011011110	1
0111000011101100	1
0111000011101110	1
0111000011110000	1
0111000011110010	1
0111000011110100	1
0111000011111100	1
0111100000111000	1
0111100000111110	1
0111100001010110	1
0111100001011000	1
0111100001011010	1
0111100001101010	1
0111100001101110	1
0111100001110010	1
0111100001110100	1
0111100001110110	1
0111100001111100	1
0111100010011000	1
0111100010011110	1
0111100010101010	1
0111100010110000	1
0111100010110010	1
0111100010110110	1
0111100010111000	1
0111100011010010	1
0111100011100100	1
0111100011101100	1
0111100011110100	1
1000000000011000	1
1000000000011110	1
1000000000101000	1
1000000001001110	1
1000000001011100	1
1000000010010000	1
1000000010011110	1
1000000010100010	1
1000000010100100	1
1000000011000100	1
1000000011010000	1
1000000011010100	1
1000000011110000	1
1000000011110110	1
1000100000001000	1
1000100000100110	1
1000100001000110	1
1000100001001000	1
1000100001001100	1
1000100001001110	1
1000100001110110	1
1000100011000000	1
1000100011100010	1
1000100011101110	1
1000100011110100	1
1000100011110110	1
1000100011111010	1
1001000000001000	1
1001000000010010	1
1001000000011110	1
1001000000100010	1
1001000000110000	1
1001000001000110	1
1001000001100100	1
1001000001100110	1
1001000010000010	1
1001000010000110	1
1001000010100110	1
1001000010111110	1
1001000011000100	1
1001000011010010	1
1001000011100010	1
1001000011100100	1
1001000011110000	1
1001000011110100	1
1001100001000110	1
1001100001001000	1
1001100001010110	1
1001100001011110	1
1001100001100100	1
1001100001110010	1
1001100001111100	1
1001100010001110	1
1001100010010010	1
1001100010100010	1
1001100010110000	1
1001100010110100	1
1001100010111010	1
1001100011000100	1
1001100011010000	1
1001100011010100	1
1001100011011000	1
1001100011011010	1
1001100011011110	1
1001100011101010	1
1010000000011000	1
1010000000100100	1
1010000000100110	1
1010000000110000	1
1010000001010100	1
1010000001110100	1
1010000010010000	1
1010000010010100	1
1010000010011100	1
1010000010111110	1
1010000011010100	1
1010000011110010	1
1010000011111010	1
1010100000000000	1
1010100000010010	1
1010100000110100	1
1010100000111000	1
1010100001110100	1
1010100010010010	1
1010100010010100	1
1010100010100110	1
1010100010101110	1
1010100010110000	1
1010100010110100	1
1010100010111100	1
1010100011000100	1
1010100011001110	1
1010100011011010	1
1010100011110000	1
1010100011111000	1
1010100011111010	1
1010100011111100	1
1011000000000110	1
1011000000010100	1
1011000000011110	1
1011000000110110	1
1011000001110100	1
1011000001111110	1
1011000010000000	1
1011000010010000	1
1011000010010110	1
1011000010011110	1
1011000010110100	1
1011000011000110	1
1011000011010100	1
1011000011011110	1
1011000011101110	1
1011000011110010	1
1011000011111010	1
1011100000110110	1
1011100000111010	1
1011100001000100	1
1011100001001010	1
1011100001010100	1
1011100001101110	1
1011100001111000	1
1011100010010010	1
1011100010011100	1
1011100010011110	1
1011100010100010	1
1011100011001100	1
1011100011100000	1
1011100011101100	1
1100000000010100	1
1100000000010110	1
1100000000100100	1
1100000000100110	1
1100000000101010	1
1100000000111100	1
1100000001000100	1
1100000001001010	1
1100000010000000	1
1100000010001000	1
1100000010001100	1
1100000010100100	1
1100000010101110	1
1100000011001000	1
1100000011001100	1
1100000011011110	1
1100000011100110	1
1100100000001000	1
1100100000001110	1
1100100000101010	1
1100100000101110	1
1100100001000000	1
1100100001000100	1
1100100001001100	1
1100100001010110	1
1100100001101100	1
1100100001110110	1
1100100010101000	1
1100100010101100	1
1100100010111110	1
1100100011010110	1
1100100011011100	1
1100100011100110	1
1100100011101010	1
1100100011111100	1
1101000000000000	1
1101000000000100	1
1101000000000110	1
1101000000001000	1
1101000000011110	1
1101000000100000	1
1101000000110000	1
1101000000111100	1
1101000001101110	1
1101000001111000	1
1101000001111100	1
1101000001111110	1
1101000010001110	1
1101000010111010	1
1101000011000100	1
1101000011000110	1
1101000011001010	1
1101000011011110	1
1101000011100010	1
1101000011100100	1
1101100000001100	1
1101100001100100	1
1101100001110110	1
1101100001111000	1
1101100010001010	1
1101100010010110	1
1101100010100110	1
1101100010110110	1
1101100010111000	1
1101100010111010	1
1101100011000100	1
1101100011000110	1
1101100011010100	1
1101100011010110	1
1101100011100000	1
1101100011100010	1
1101100011110000	1
1101100011110100	1
1110000000000000	1
1110000000000100	1
1110000000001000	1
1110000000001010	1
1110000000010100	1
1110000000010110	1
1110000000011000	1
1110000000111100	1
1110000001001010	1
1110000001011100	1
1110000001111100	1
1110000010011110	1
1110000010101100	1
1110000010111110	1
1110000011010100	1
1110000011011010	1
1110000011100100	1
1110000011101100	1
1110000011110110	1
1110100000011010	1
1110100000011110	1
1110100000111010	1
1110100001010100	1
1110100001010110	1
1110100001101110	1
1110100001111010	1
1110100010010000	1
1110100010010110	1
1110100010101100	1
1110100010111010	1
1110100011001000	1
1110100011010100	1
1110100011101010	1
1110100011110100	1
1110100011111000	1
1111000000001110	1
1111000000011110	1
1111000000101100	1
1111000000111010	1
1111000001001110	1
1111000001011110	1
1111000001101100	1
1111000001101110	1
1111000001110100	1
1111000001111010	1
1111000001111100	1
1111000010001110	1
1111000010011100	1
1111000010100110	1
1111000010110010	1
1111000010110100	1
1111000011100110	1
1111000011111000	1
1111100000011110	1
1111100001001100	1
1111100001100110	1
1111100001101100	1
1111100010010100	1
1111100010011000	1
1111100010011010	1
1111100010100110	1
1111100010110010	1
1111100010110100	1
1111100011000110	1
1111100011010010	1
1111100011100010	1
1111100011110000	1
