VALUES		COUNTS

0000000000000000	669
1111100011111111	239
0000000000000100	187
0000000000000001	183
1111100111111111	131
1000000000000000	116
0010000000010000	101
1000000000000100	99
0000000100000000	93
0111100011111111	87
0100000000000000	75
0111100011111011	74
1000000000000001	60
0000000000000101	58
1101100011101111	58
0001000000000000	57
0001000000100000	54
0000000000010000	52
0100000000001000	50
1011100011111111	44
0000000000000010	43
1111100011111101	43
0111100111111111	41
1110100011111111	39
1111000011111111	39
1111100011111011	39
1011100011110111	34
1111100011111110	34
0111100011111110	33
1000000000000010	32
0000000000000011	31
0111100111111011	31
1101100011111111	31
1101100111101111	30
0000000000001000	28
1011100111111111	27
1111100011011111	27
1000000000000111	26
0101100011101111	25
0000000100000100	24
0010000000010001	24
0011100011111111	24
1111100011101111	24
1000000000000110	23
0000000000000110	22
0000000000100000	22
0000000100000001	22
1100000000001111	22
0010000000000000	21
1000000000000101	21
0000000000000111	20
0000100000000000	20
0111100011111010	20
1111100001111111	20
1111100111111110	20
0000000010000000	19
0010000000010100	19
1111100010111111	19
0000000000010100	18
0001000000100100	18
1110100011011111	18
1111100111101111	18
0000000001000000	17
0110100011011111	17
0111100111111110	17
1000000100000000	17
1010000000010000	17
1011100111110111	17
1111100111111011	17
0000100001000000	16
0001000000000001	16
0001000000100001	16
0011100011110000	16
0111100011111000	16
1110000000011111	16
1110100111011111	16
1111000111111111	16
1111100011110111	16
1111100111111101	16
0000000000010001	15
0010000100010000	15
0100000000000100	15
0100000000001111	15
1100000000000000	15
1101100111111111	15
0011100011110111	14
0100000000001100	14
0101100011111111	14
0101100111101111	14
0000000000100001	13
0011100011111011	13
0100000000000001	13
0100000000001001	13
0101100111101011	13
0111100011111100	13
1000000000010000	13
1010000000010100	13
1111100011111100	13
1111100111011111	13
0000000000001100	12
0000100011000000	12
0011100111110111	12
0110000000010000	12
0110000000011000	12
0110100011111111	12
0111000011111111	12
0111100011101111	12
1000000100000100	12
1001100011100111	12
1100000000000100	12
1100000000001100	12
1110100111111111	12
0001100011100000	11
0101100011101011	11
0101100011111011	11
1011100011111011	11
1100000000001110	11
1111100011111010	11
0000000110000000	10
0001000000000100	10
0011000000110000	10
0011100111110100	10
0111100111101011	10
1000000000000011	10
1000000100000111	10
1001000000100000	10
1001100011101111	10
1010000000010001	10
1011100011011111	10
1011100011101111	10
1011100011110101	10
1101100011100111	10
1111000000111111	10
1111000011111011	10
1111100101111111	10
0000000000100100	9
0000000010000001	9
0000100000000100	9
0100000000001010	9
0100000000001011	9
0100000100000000	9
0101100111111111	9
0110100111111111	9
0111000111111111	9
0111100011110111	9
1011000011111111	9
1011000111111111	9
1011100011111101	9
1011100111111011	9
1100000000001000	9
1101100011101110	9
1111100110111111	9
0000000100000101	8
0010000000000100	8
0011100011110011	8
0011100011110101	8
0011100111110001	8
0011100111111011	8
0100000000001101	8
0100000000001110	8
0111100001111111	8
0111100011011111	8
0111100011111001	8
0111100101111111	8
0111100111111100	8
1000000100000001	8
1001000000000001	8
1001000000100100	8
1011100011110011	8
1100000000001010	8
1111100111111100	8
0000000000001001	7
0000000000010101	7
0000000001000100	7
0000000100010000	7
0001100011100111	7
0011100011110001	7
0011100111111111	7
0100000100001000	7
0110100011011011	7
0111100010111011	7
0111100011011011	7
0111100011111101	7
0111100101111011	7
0111100111101111	7
0111100111111010	7
1000000000010001	7
1000000000010100	7
1000100000000100	7
1001000000000000	7
1001000000000100	7
1010000000010101	7
1011000011110111	7
1011100011111110	7
1100000000000001	7
1100100011001111	7
1100100011101111	7
1101100011111101	7
0000000000001111	6
0000100000000001	6
0000100001000001	6
0000100111000000	6
0001000100100000	6
0001100011110111	6
0010000000000001	6
0010000000010010	6
0010000000010101	6
0010000000010110	6
0010000000011000	6
0011000000010000	6
0011100011110110	6
0011100011111110	6
0011100111100100	6
0100100011101111	6
0101000000001000	6
0101000000101000	6
0101100001101111	6
0110000000001000	6
0110100011111011	6
0110100111011011	6
0111100001111011	6
0111100011101010	6
0111100011101011	6
0111100111011011	6
0111100111011111	6
0111100111111001	6
1000000000001100	6
1000000010000000	6
1000000100000110	6
1001100011110111	6
1001100111100111	6
1001100111101111	6
1010000100010000	6
1010100011011111	6
1011100011110000	6
1011100011110100	6
1100000000000010	6
1100000000001101	6
1100100011001101	6
1100100011011111	6
1101000011101111	6
1101100011101101	6
1101100111101011	6
1101100111101110	6
1110100010011111	6
1110100011101111	6
1110100111111011	6
1111000111111011	6
1111100111110111	6
0000000000010110	5
0000000100100000	5
0000100000000101	5
0000100011000100	5
0001000000000011	5
0001000000000101	5
0001100011100010	5
0001100011100011	5
0001100111100100	5
0010000000010011	5
0010100011010000	5
0010100011111011	5
0011000000110100	5
0011100011101111	5
0011100011110010	5
0011100011110100	5
0011100011111010	5
0011100111110000	5
0011100111111110	5
0100000100000001	5
0101000000000001	5
0110100111011111	5
0111000000111011	5
0111100010111111	5
0111100011110011	5
0111100111110111	5
0111100111111000	5
0111100111111101	5
1000000000001111	5
1001000000100111	5
1010000000000100	5
1010000000010111	5
1010100111011111	5
1011100010111111	5
1100000000001001	5
1100000111001111	5
1100100011111111	5
1100100111101111	5
1101000011111111	5
1101100011111011	5
1101100110101111	5
1101100111001111	5
1101100111111110	5
1110100011011011	5
1110100011111011	5
1110100011111110	5
1110100111111101	5
1110100111111110	5
1111000111111110	5
1111100001111110	5
1111100011001111	5
1111100011111000	5
1111100011111001	5
1111100111110011	5
0000000001000001	4
0000000100000110	4
0000000100000111	4
0001000000100111	4
0001000001100000	4
0001000100000100	4
0001100011101111	4
0010000000000101	4
0010000000010111	4
0010000100010001	4
0010000100010100	4
0010100000010000	4
0010100011110100	4
0010100011110111	4
0011100011111001	4
0100000000000101	4
0100100001000000	4
0100100011000000	4
0100100111001011	4
0100100111111111	4
0101000000000000	4
0101000000100000	4
0101100011101110	4
0110100111111011	4
0111000000101111	4
0111000000111100	4
0111000000111111	4
0111000011101111	4
0111000011111011	4
0111100001111110	4
0111100010111110	4
0111100011110110	4
0111100110111111	4
0111100111101110	4
1000000000001001	4
1000000000001110	4
1000000001000001	4
1000000010000100	4
1000000100000101	4
1000100000000001	4
1000100001000100	4
1000100011000111	4
1001000000000101	4
1010100111111111	4
1011000000110001	4
1011000000111111	4
1011000010111111	4
1011100010110111	4
1011100011010111	4
1011100011111100	4
1011100101111111	4
1011100111110101	4
1100000000001011	4
1100000000011111	4
1100000011001111	4
1101100001101111	4
1101100011001111	4
1101100011101001	4
1101100011101010	4
1101100111101101	4
1110100001111111	4
1110100011110111	4
1111000010111111	4
1111000011101011	4
1111000011111110	4
1111000111011111	4
1111000111111101	4
1111100001101111	4
1111100010111101	4
1111100011110011	4
1111100110111101	4
1111100111011110	4
1111100111100111	4
1111100111101011	4
1111100111101101	4
1111100111111001	4
1111100111111010	4
0000000000010010	3
0000000000010111	3
0000000000011000	3
0000000010000100	3
0000000011000000	3
0000000100000010	3
0000000100001000	3
0000100000001000	3
0000100011000111	3
0000100100000000	3
0000100101000000	3
0000100111000001	3
0001000000000111	3
0001000000010000	3
0001000000100101	3
0001000001000000	3
0001000011100000	3
0001000100100001	3
0001100011100100	3
0001100011100101	3
0001100111100111	3
0001100111101111	3
0001100111111011	3
0010000000110100	3
0010000001010000	3
0010000001011000	3
0010000010010100	3
0010100011010111	3
0010100011110000	3
0010100011111111	3
0010100111011011	3
0011000000010100	3
0011000000100000	3
0011000000110001	3
0011000011110011	3
0011100001110011	3
0011100010111111	3
0011100011100011	3
0011100011100111	3
0011100111010000	3
0100000000000111	3
0100000000011001	3
0100100000000000	3
0100100011001000	3
0100100111001111	3
0101000000000011	3
0101000000000100	3
0101000000001100	3
0101000000100100	3
0101000000101011	3
0101100010111111	3
0101100011001011	3
0101100011101001	3
0101100011101010	3
0101100011110011	3
0101100011111001	3
0101100011111010	3
0101100011111100	3
0101100111101110	3
0101100111111011	3
0110000000010001	3
0110000000011011	3
0110000000011100	3
0110100011111100	3
0110100111111000	3
0110100111111110	3
0111000000111000	3
0111000000111110	3
0111000011111000	3
0111000111111011	3
0111100001111010	3
0111100010110111	3
0111100011011110	3
0111100011101100	3
0111100011110000	3
0111100011110100	3
0111100111110011	3
0111100111110100	3
1000000000001000	3
1000000000001011	3
1000000000010101	3
1000000000100000	3
1000000000100010	3
1000000000100100	3
1000000000100101	3
1000000001000000	3
1000000100000011	3
1000100000000000	3
1000100000000010	3
1000100011000000	3
1000100011100111	3
1000100011110111	3
1001000000000010	3
1001000000100001	3
1001000000100101	3
1001000000100110	3
1001100001101111	3
1001100011100100	3
1001100011101110	3
1001100011111100	3
1001100011111111	3
1001100111100100	3
1001100111101011	3
1010000000000000	3
1010000000010010	3
1010100011110100	3
1010100011110111	3
1010100011111101	3
1010100111110111	3
1011000000010100	3
1011000000010111	3
1011100001111111	3
1011100011100111	3
1011100011110001	3
1011100111010111	3
1011100111101111	3
1011100111111101	3
1100000000000011	3
1100000010001111	3
1100000100000100	3
1100100111001111	3
1100100111011111	3
1101100011011111	3
1101100011101011	3
1101100011110111	3
1101100011111010	3
1101100101111111	3
1101100111100111	3
1101100111101100	3
1101100111111011	3
1110000000010100	3
1110000000111111	3
1110000011011101	3
1110000011111111	3
1110100001011111	3
1110100011010111	3
1110100011011101	3
1110100011011110	3
1110100011111101	3
1111000000111000	3
1111000011011111	3
1111100001111101	3
1111100010111011	3
1111100011011011	3
1111100011101011	3
1111100011101101	3
1111100011101110	3
1111100011110110	3
1111100111011011	3
1111100111011101	3
0000000000001011	2
0000000000001101	2
0000000000001110	2
0000000000010011	2
0000000000101000	2
0000000000110000	2
0000000000110001	2
0000000001000010	2
0000000001000101	2
0000000001000111	2
0000000001010000	2
0000000010000101	2
0000000100001100	2
0000000100010011	2
0000000100100100	2
0000000111000000	2
0000100000000111	2
0000100000010001	2
0000100001000100	2
0000100010000000	2
0000100011000101	2
0000100011010000	2
0000100011100000	2
0000100011100100	2
0000100100000101	2
0000100110000000	2
0000100110000100	2
0000100111000011	2
0000100111001111	2
0001000000100110	2
0001000000101011	2
0001000000101100	2
0001000000110010	2
0001000000110100	2
0001000011100011	2
0001000100000000	2
0001000100000010	2
0001000111100100	2
0001100000000000	2
0001100000100000	2
0001100011100001	2
0001100011101011	2
0001100011110000	2
0001100011110001	2
0001100011110100	2
0001100011111011	2
0001100111100000	2
0001100111100011	2
0001100111100110	2
0001100111111111	2
0010000000110000	2
0010000010010000	2
0010000100000000	2
0010000100000001	2
0010000100010101	2
0010000110010000	2
0010100000000000	2
0010100001010001	2
0010100011010011	2
0010100011110101	2
0010100111011001	2
0010100111110011	2
0010100111110111	2
0011000000110111	2
0011000011110100	2
0011000011110110	2
0011000011111001	2
0011000011111011	2
0011000100100000	2
0011000111110110	2
0011100001110000	2
0011100001110001	2
0011100001110100	2
0011100001110111	2
0011100001111011	2
0011100001111111	2
0011100011011111	2
0011100011100101	2
0011100011111000	2
0011100011111100	2
0011100011111101	2
0011100101111011	2
0011100110110110	2
0011100111010101	2
0011100111100000	2
0011100111100111	2
0011100111101111	2
0011100111110011	2
0011100111110101	2
0011100111111010	2
0100000000000011	2
0100000000000110	2
0100000000010000	2
0100000000010001	2
0100000000100101	2
0100000001000100	2
0100000010000000	2
0100000010001011	2
0100000100001011	2
0100100000001001	2
0100100000001100	2
0100100011001101	2
0100100011001111	2
0100100011011011	2
0100100011101001	2
0100100011101010	2
0100100011101011	2
0100100011111010	2
0100100011111011	2
0100100011111110	2
0100100111001100	2
0100100111001110	2
0100100111011111	2
0100100111101011	2
0101000000001001	2
0101000000100001	2
0101000000111011	2
0101000000111100	2
0101000000111111	2
0101000011101011	2
0101000100001100	2
0101000110111011	2
0101000111111111	2
0101100010101111	2
0101100011100111	2
0101100011101100	2
0101100011110111	2
0101100111100111	2
0101100111101010	2
0101100111101100	2
0101100111111110	2
0110000000000001	2
0110000000010100	2
0110000000011101	2
0110000000011110	2
0110000010011000	2
0110000011111001	2
0110000100011011	2
0110000111111011	2
0110100000000000	2
0110100001011111	2
0110100001111111	2
0110100011011001	2
0110100011101111	2
0110100011110011	2
0110100011111000	2
0110100011111001	2
0110100011111101	2
0110100011111110	2
0110100111011000	2
0110100111101011	2
0110100111101110	2
0110100111111001	2
0111000000010000	2
0111000000100100	2
0111000001111011	2
0111000011011110	2
0111000011110111	2
0111000011111010	2
0111000011111100	2
0111000011111110	2
0111100001101111	2
0111100001110111	2
0111100010101011	2
0111100010111000	2
0111100011001011	2
0111100011010000	2
0111100011100111	2
0111100011101110	2
0111100011110010	2
0111100101111000	2
0111100110111110	2
0111100111010111	2
0111100111101001	2
0111100111110001	2
1000000000001010	2
1000000000001101	2
1000000000010010	2
1000000001000101	2
1000000010000111	2
1000000100010100	2
1000100000000110	2
1000100000000111	2
1000100001000111	2
1000100011000101	2
1000100011001111	2
1000100111000100	2
1001000000100010	2
1001000110100000	2
1001100001100001	2
1001100011001110	2
1001100011100001	2
1001100011100101	2
1001100011101101	2
1001100011110110	2
1001100011111101	2
1001100111101110	2
1001100111110111	2
1001100111111111	2
1010000000000010	2
1010000000000101	2
1010000000001111	2
1010000000011111	2
1010000011111111	2
1010000100010010	2
1010000100010100	2
1010100011010111	2
1010100011100111	2
1010100011111010	2
1010100011111111	2
1011000000010110	2
1011000000110100	2
1011000000110111	2
1011000011110011	2
1011000011111110	2
1011000111111100	2
1011100000111010	2
1011100001110101	2
1011100001111110	2
1011100010111011	2
1011100011001111	2
1011100011100100	2
1011100011101011	2
1011100011110110	2
1011100011111010	2
1011100101110111	2
1011100110110111	2
1011100110111111	2
1011100111100011	2
1011100111100111	2
1011100111101101	2
1011100111101110	2
1011100111110011	2
1011100111110110	2
1011100111111100	2
1100000000000101	2
1100000000000110	2
1100000000010100	2
1100000000101111	2
1100000100000111	2
1100000100001100	2
1100000100001101	2
1100000100001111	2
1100100011001010	2
1100100011001110	2
1100100011100111	2
1100100111001110	2
1101000000100111	2
1101000000101110	2
1101000000111111	2
1101000011100111	2
1101000011101100	2
1101000011101110	2
1101000111101010	2
1101000111101111	2
1101100000101111	2
1101100001111101	2
1101100001111111	2
1101100011000111	2
1101100011001011	2
1101100011100110	2
1101100011101100	2
1101100011111110	2
1101100101101111	2
1101100110011111	2
1101100110111111	2
1101100111111101	2
1110000000001100	2
1110000000011001	2
1110000000011010	2
1110000000011011	2
1110000000011100	2
1110000011011111	2
1110100010111111	2
1110100011001111	2
1110100011101110	2
1110100011111100	2
1110100111010111	2
1110100111011011	2
1110100111011100	2
1110100111011101	2
1111000000101111	2
1111000000110011	2
1111000000111011	2
1111000011011011	2
1111000011101111	2
1111000011111010	2
1111000011111100	2
1111000011111101	2
1111000100111110	2
1111000101111111	2
1111000110111111	2
1111000111101101	2
1111000111111100	2
1111100000111110	2
1111100001101101	2
1111100001110110	2
1111100010101111	2
1111100010111110	2
1111100011011110	2
1111100011100111	2
1111100011110100	2
1111100101011111	2
1111100101101110	2
1111100101111110	2
1111100110011011	2
1111100110011111	2
1111100110111110	2
1111100111001111	2
1111100111101110	2
1111100111110010	2
1111100111111000	2
0000000000001010	1
0000000000011001	1
0000000000011010	1
0000000000011111	1
0000000000100010	1
0000000000100101	1
0000000000100110	1
0000000000100111	1
0000000000101100	1
0000000000101111	1
0000000000110110	1
0000000001001000	1
0000000001001100	1
0000000001001111	1
0000000001011100	1
0000000001100001	1
0000000010000010	1
0000000010000111	1
0000000010001000	1
0000000010001100	1
0000000010010000	1
0000000010010011	1
0000000011000100	1
0000000011000101	1
0000000011011110	1
0000000011011111	1
0000000011100000	1
0000000100000011	1
0000000100001010	1
0000000100001011	1
0000000100010001	1
0000000100010100	1
0000000100010101	1
0000000100100001	1
0000000100100110	1
0000000101000010	1
0000000101100100	1
0000000110000100	1
0000000110010000	1
0000000110100001	1
0000000111000110	1
0000000111101011	1
0000100000000010	1
0000100000000110	1
0000100000001100	1
0000100000001101	1
0000100000010000	1
0000100000010100	1
0000100000010101	1
0000100001001000	1
0000100001010100	1
0000100010000100	1
0000100011000001	1
0000100011000011	1
0000100011000110	1
0000100011001010	1
0000100011001011	1
0000100011001111	1
0000100011010011	1
0000100011011111	1
0000100011100011	1
0000100011100101	1
0000100011100111	1
0000100011110011	1
0000100011110100	1
0000100011110111	1
0000100011111101	1
0000100100000001	1
0000100100000110	1
0000100100010001	1
0000100111000100	1
0000100111010000	1
0000100111010111	1
0000100111100011	1
0000100111100100	1
0000100111110111	1
0001000000000010	1
0001000000000110	1
0001000000001000	1
0001000000001001	1
0001000000001100	1
0001000000010001	1
0001000000010100	1
0001000000100010	1
0001000000100011	1
0001000000101000	1
0001000000101001	1
0001000000101111	1
0001000000110000	1
0001000000110001	1
0001000001010000	1
0001000001101000	1
0001000010010011	1
0001000010100000	1
0001000010100001	1
0001000010100100	1
0001000011100010	1
0001000011100101	1
0001000011100111	1
0001000011101110	1
0001000011101111	1
0001000011110000	1
0001000011110110	1
0001000100000001	1
0001000100000111	1
0001000100010101	1
0001000100100100	1
0001000100100101	1
0001000101000000	1
0001000111100001	1
0001000111100011	1
0001000111100110	1
0001000111111111	1
0001100000000001	1
0001100000000100	1
0001100000001100	1
0001100000100100	1
0001100001000001	1
0001100001000100	1
0001100001101100	1
0001100001101111	1
0001100001110001	1
0001100001111010	1
0001100010100000	1
0001100010100100	1
0001100011000000	1
0001100011000100	1
0001100011000111	1
0001100011001111	1
0001100011010100	1
0001100011011111	1
0001100011100110	1
0001100011101001	1
0001100011101010	1
0001100011101100	1
0001100011101101	1
0001100011110011	1
0001100011110101	1
0001100011111001	1
0001100011111010	1
0001100100100000	1
0001100100100100	1
0001100101001011	1
0001100101100000	1
0001100101100100	1
0001100101111111	1
0001100110100011	1
0001100110100101	1
0001100110101011	1
0001100110101111	1
0001100110110100	1
0001100111000011	1
0001100111001011	1
0001100111010011	1
0001100111100101	1
0001100111101001	1
0001100111110010	1
0001100111110011	1
0001100111110100	1
0001100111110110	1
0010000000000011	1
0010000000000111	1
0010000000001000	1
0010000000001001	1
0010000000011011	1
0010000000100111	1
0010000000101111	1
0010000000110111	1
0010000000111000	1
0010000000111110	1
0010000001000001	1
0010000001001110	1
0010000001010100	1
0010000001010101	1
0010000010000000	1
0010000010110000	1
0010000011010000	1
0010000011010111	1
0010000011011000	1
0010000011110000	1
0010000011110100	1
0010000011110111	1
0010000011111110	1
0010000011111111	1
0010000100000111	1
0010000100011000	1
0010000100011110	1
0010000100110100	1
0010000101001000	1
0010000111000011	1
0010100000010100	1
0010100000010101	1
0010100000011111	1
0010100001010000	1
0010100001010010	1
0010100001011000	1
0010100001011111	1
0010100001110101	1
0010100001111011	1
0010100010001010	1
0010100010111110	1
0010100010111111	1
0010100011000000	1
0010100011010001	1
0010100011010101	1
0010100011010110	1
0010100011011011	1
0010100011011111	1
0010100011101101	1
0010100011110001	1
0010100011110110	1
0010100100010000	1
0010100100010100	1
0010100100110000	1
0010100101011001	1
0010100101011011	1
0010100101100011	1
0010100110011111	1
0010100110110010	1
0010100111010001	1
0010100111010101	1
0010100111011111	1
0010100111100011	1
0010100111100100	1
0010100111110000	1
0010100111110001	1
0010100111110100	1
0011000000010001	1
0011000000010101	1
0011000000011000	1
0011000000011111	1
0011000000110010	1
0011000000110101	1
0011000000111011	1
0011000000111100	1
0011000000111111	1
0011000001011100	1
0011000001110011	1
0011000001111111	1
0011000010011011	1
0011000010100000	1
0011000010110001	1
0011000010110100	1
0011000010111111	1
0011000011010111	1
0011000011011100	1
0011000011100111	1
0011000011101010	1
0011000011110010	1
0011000011110111	1
0011000011111100	1
0011000011111110	1
0011000011111111	1
0011000100000000	1
0011000100110000	1
0011000110110100	1
0011000110110111	1
0011000110111011	1
0011000111100110	1
0011000111110000	1
0011000111110100	1
0011000111110101	1
0011000111110111	1
0011000111111010	1
0011000111111101	1
0011000111111110	1
0011100000010000	1
0011100000110000	1
0011100001010011	1
0011100001010110	1
0011100001101101	1
0011100001101111	1
0011100001110010	1
0011100010110001	1
0011100010110011	1
0011100010110110	1
0011100010110111	1
0011100010111011	1
0011100011001000	1
0011100011001111	1
0011100011010000	1
0011100011010110	1
0011100011010111	1
0011100011011011	1
0011100011011100	1
0011100011100000	1
0011100011100001	1
0011100011100010	1
0011100011100100	1
0011100011101000	1
0011100011101100	1
0011100101010111	1
0011100101110000	1
0011100101110101	1
0011100101110110	1
0011100101110111	1
0011100101111111	1
0011100110101111	1
0011100110110010	1
0011100110110011	1
0011100110111010	1
0011100110111011	1
0011100110111100	1
0011100111001110	1
0011100111010011	1
0011100111010110	1
0011100111011111	1
0011100111100011	1
0011100111101001	1
0011100111110010	1
0011100111110110	1
0011100111111001	1
0100000000000010	1
0100000000010101	1
0100000000011000	1
0100000000011100	1
0100000000011101	1
0100000000011111	1
0100000000100000	1
0100000000101000	1
0100000000101110	1
0100000000111011	1
0100000001000000	1
0100000001000001	1
0100000001000101	1
0100000001001000	1
0100000001001011	1
0100000001001100	1
0100000001001110	1
0100000001001111	1
0100000010010000	1
0100000011001011	1
0100000011001111	1
0100000011101110	1
0100000100000010	1
0100000100000011	1
0100000100000101	1
0100000100001001	1
0100000100001100	1
0100000100001101	1
0100000100001111	1
0100000100010110	1
0100000100011000	1
0100000100011101	1
0100000101000100	1
0100000110000001	1
0100000110001000	1
0100000110011011	1
0100000110011100	1
0100000111001000	1
0100000111011111	1
0100100000000001	1
0100100000000011	1
0100100000000101	1
0100100000001000	1
0100100000001101	1
0100100000010010	1
0100100001000100	1
0100100001011000	1
0100100001101111	1
0100100010000000	1
0100100010001000	1
0100100010001111	1
0100100010011101	1
0100100011000110	1
0100100011000111	1
0100100011001001	1
0100100011001010	1
0100100011001011	1
0100100011001110	1
0100100011011010	1
0100100011011111	1
0100100011111000	1
0100100110011011	1
0100100111000000	1
0100100111000010	1
0100100111000011	1
0100100111011100	1
0100100111011110	1
0100100111100000	1
0100100111101110	1
0100100111101111	1
0100100111111011	1
0101000000001011	1
0101000000001111	1
0101000000010000	1
0101000000010010	1
0101000000011011	1
0101000000100011	1
0101000000100101	1
0101000000101010	1
0101000000101100	1
0101000000101110	1
0101000000101111	1
0101000000111000	1
0101000001100001	1
0101000001101011	1
0101000010001101	1
0101000010101000	1
0101000010101111	1
0101000011001111	1
0101000011101001	1
0101000011101100	1
0101000011110000	1
0101000011110011	1
0101000011111000	1
0101000011111010	1
0101000011111011	1
0101000011111100	1
0101000100100000	1
0101000100100100	1
0101000100101000	1
0101000100111011	1
0101000101001000	1
0101000101101101	1
0101000110110010	1
0101000110111010	1
0101000110111111	1
0101000111100001	1
0101000111101001	1
0101000111101011	1
0101000111101101	1
0101000111101110	1
0101000111101111	1
0101000111110001	1
0101000111110011	1
0101100000000101	1
0101100000001001	1
0101100001111010	1
0101100001111011	1
0101100001111110	1
0101100010101011	1
0101100010101101	1
0101100010111011	1
0101100010111110	1
0101100011001101	1
0101100011001110	1
0101100011001111	1
0101100011011000	1
0101100011100011	1
0101100011101000	1
0101100011110000	1
0101100011110100	1
0101100011110110	1
0101100011111101	1
0101100011111110	1
0101100101101001	1
0101100101101010	1
0101100110101111	1
0101100110111011	1
0101100110111111	1
0101100111001011	1
0101100111010111	1
0101100111011011	1
0101100111011111	1
0101100111100000	1
0101100111100011	1
0101100111100110	1
0101100111101101	1
0101100111110000	1
0101100111110011	1
0101100111111001	1
0101100111111010	1
0101100111111101	1
0110000000000000	1
0110000000001011	1
0110000000001110	1
0110000000001111	1
0110000000010011	1
0110000000011001	1
0110000000011111	1
0110000000101110	1
0110000000101111	1
0110000000111000	1
0110000000111010	1
0110000000111110	1
0110000000111111	1
0110000001001000	1
0110000010011111	1
0110000010111011	1
0110000011001010	1
0110000011010000	1
0110000011011010	1
0110000011011011	1
0110000011011111	1
0110000011101010	1
0110000011111111	1
0110000100000000	1
0110000100010000	1
0110000100010001	1
0110000100011000	1
0110000101001011	1
0110000110000000	1
0110000111111010	1
0110000111111111	1
0110100000001011	1
0110100000010000	1
0110100000011101	1
0110100000011111	1
0110100000110101	1
0110100000111110	1
0110100001010111	1
0110100001011011	1
0110100001101111	1
0110100001111010	1
0110100001111011	1
0110100010001011	1
0110100010111110	1
0110100010111111	1
0110100011000101	1
0110100011001000	1
0110100011011000	1
0110100011011010	1
0110100011011101	1
0110100011100010	1
0110100011100111	1
0110100011101110	1
0110100011110010	1
0110100100111110	1
0110100101011011	1
0110100101011111	1
0110100110111011	1
0110100111001010	1
0110100111010001	1
0110100111010010	1
0110100111011110	1
0110100111100011	1
0110100111101000	1
0110100111110001	1
0110100111110111	1
0111000000010110	1
0111000000011011	1
0111000000011100	1
0111000000011111	1
0111000000100000	1
0111000000101011	1
0111000000110000	1
0111000000110011	1
0111000000110100	1
0111000000111001	1
0111000000111010	1
0111000001011010	1
0111000001101011	1
0111000001101111	1
0111000001111010	1
0111000001111110	1
0111000001111111	1
0111000010100101	1
0111000010101011	1
0111000010110011	1
0111000010111001	1
0111000010111010	1
0111000010111111	1
0111000011010011	1
0111000011010111	1
0111000011011011	1
0111000011011101	1
0111000011101100	1
0111000011110000	1
0111000100111000	1
0111000100111011	1
0111000101100111	1
0111000101111000	1
0111000101111011	1
0111000101111100	1
0111000110111001	1
0111000110111011	1
0111000110111110	1
0111000111100010	1
0111000111101110	1
0111000111110111	1
0111000111111010	1
0111000111111101	1
0111000111111110	1
0111100000000000	1
0111100000101100	1
0111100000110011	1
0111100000111101	1
0111100000111110	1
0111100001011110	1
0111100001101011	1
0111100001101110	1
0111100001110011	1
0111100001111000	1
0111100010011111	1
0111100010101100	1
0111100010101111	1
0111100010111100	1
0111100010111101	1
0111100011001010	1
0111100011010111	1
0111100011011000	1
0111100011011001	1
0111100011100001	1
0111100011100010	1
0111100011100011	1
0111100011101000	1
0111100011101001	1
0111100011101101	1
0111100100111011	1
0111100100111111	1
0111100101001101	1
0111100101011011	1
0111100101101011	1
0111100101101111	1
0111100101110101	1
0111100101111001	1
0111100101111010	1
0111100110011111	1
0111100110101011	1
0111100110101111	1
0111100110110000	1
0111100110110110	1
0111100110110111	1
0111100110111001	1
0111100110111010	1
0111100111001111	1
0111100111011000	1
0111100111011010	1
0111100111011100	1
0111100111011110	1
0111100111101000	1
0111100111101010	1
0111100111101101	1
0111100111110000	1
0111100111110101	1
0111100111110110	1
1000000000010011	1
1000000000010110	1
1000000000011001	1
1000000000011100	1
1000000000100001	1
1000000000100111	1
1000000000101000	1
1000000000110000	1
1000000000110001	1
1000000001000010	1
1000000001001100	1
1000000001011011	1
1000000010000001	1
1000000010000010	1
1000000010000101	1
1000000010000110	1
1000000010010010	1
1000000010010011	1
1000000010011111	1
1000000011011010	1
1000000011100101	1
1000000011111001	1
1000000100000010	1
1000000100001000	1
1000000100001001	1
1000000100010000	1
1000000100010001	1
1000000100010101	1
1000000100100001	1
1000000100100100	1
1000000101000000	1
1000000101000111	1
1000000110000000	1
1000000110000001	1
1000000110000010	1
1000000110000100	1
1000000110000101	1
1000000111000110	1
1000000111100001	1
1000000111100010	1
1000100000000011	1
1000100000000101	1
1000100000001110	1
1000100000010001	1
1000100000110001	1
1000100001000000	1
1000100001000010	1
1000100001000101	1
1000100001000110	1
1000100001001000	1
1000100001001100	1
1000100001001111	1
1000100001101111	1
1000100010000001	1
1000100010000111	1
1000100010001111	1
1000100010011111	1
1000100011000001	1
1000100011000011	1
1000100011000100	1
1000100011000110	1
1000100011010111	1
1000100011100011	1
1000100011100110	1
1000100011101011	1
1000100011111011	1
1000100011111111	1
1000100100000000	1
1000100101000010	1
1000100101111111	1
1000100111000001	1
1000100111000101	1
1000100111000111	1
1000100111001111	1
1000100111010110	1
1000100111010111	1
1000100111100000	1
1000100111101101	1
1000100111101111	1
1001000000000011	1
1001000000000111	1
1001000000001000	1
1001000000010000	1
1001000000101100	1
1001000000110111	1
1001000000111110	1
1001000001000000	1
1001000001100100	1
1001000001101011	1
1001000010000000	1
1001000010001111	1
1001000011000011	1
1001000011001111	1
1001000011100111	1
1001000011101011	1
1001000011101111	1
1001000011110100	1
1001000011111011	1
1001000100000000	1
1001000100000010	1
1001000100010000	1
1001000100100001	1
1001000100110000	1
1001000101000110	1
1001000111001110	1
1001000111101011	1
1001000111101111	1
1001000111110111	1
1001100000000000	1
1001100000000001	1
1001100000000010	1
1001100000000110	1
1001100000001111	1
1001100000010001	1
1001100000100000	1
1001100000100001	1
1001100001000110	1
1001100001100000	1
1001100001101100	1
1001100001111011	1
1001100010100111	1
1001100010101111	1
1001100010111011	1
1001100011000101	1
1001100011000111	1
1001100011010111	1
1001100011011011	1
1001100011011111	1
1001100011100000	1
1001100011100011	1
1001100011100110	1
1001100011101011	1
1001100011101100	1
1001100011110000	1
1001100011110001	1
1001100011111011	1
1001100011111110	1
1001100110100101	1
1001100110100111	1
1001100110111110	1
1001100111000100	1
1001100111000110	1
1001100111001111	1
1001100111010100	1
1001100111100011	1
1001100111101010	1
1001100111101100	1
1001100111101101	1
1001100111110100	1
1001100111110110	1
1001100111111011	1
1001100111111100	1
1001100111111101	1
1010000000000001	1
1010000000000111	1
1010000000001100	1
1010000000011000	1
1010000000011011	1
1010000000011100	1
1010000000011110	1
1010000000110000	1
1010000001001101	1
1010000001010000	1
1010000010000000	1
1010000010010000	1
1010000011011010	1
1010000011111011	1
1010000100011110	1
1010000100011111	1
1010000101110111	1
1010000111011111	1
1010000111110100	1
1010000111110111	1
1010000111111110	1
1010100000000010	1
1010100000000110	1
1010100000000111	1
1010100000010001	1
1010100000110001	1
1010100001111111	1
1010100010010111	1
1010100010110100	1
1010100010110111	1
1010100011001111	1
1010100011010001	1
1010100011011010	1
1010100011110000	1
1010100011110101	1
1010100011110110	1
1010100011111011	1
1010100011111100	1
1010100101110110	1
1010100101111111	1
1010100110010101	1
1010100110011111	1
1010100110111111	1
1010100111001111	1
1010100111010001	1
1010100111010111	1
1010100111011010	1
1010100111011101	1
1010100111100011	1
1010100111110011	1
1010100111110100	1
1010100111110101	1
1010100111111011	1
1010100111111110	1
1011000000010000	1
1011000000101111	1
1011000000110000	1
1011000000110010	1
1011000000111011	1
1011000000111110	1
1011000010010100	1
1011000010110000	1
1011000010111110	1
1011000011011111	1
1011000011100111	1
1011000011101010	1
1011000011101100	1
1011000011111100	1
1011000100100111	1
1011000100110001	1
1011000100110010	1
1011000101111001	1
1011000101111111	1
1011000111010000	1
1011000111011001	1
1011000111100011	1
1011000111100111	1
1011000111110011	1
1011000111110101	1
1011000111110110	1
1011000111110111	1
1011000111111001	1
1011100000011001	1
1011100000011111	1
1011100000100111	1
1011100000111110	1
1011100000111111	1
1011100001011111	1
1011100001100000	1
1011100001100111	1
1011100001110111	1
1011100001111000	1
1011100001111011	1
1011100001111101	1
1011100010000111	1
1011100010100111	1
1011100010110101	1
1011100011000111	1
1011100011010101	1
1011100011011100	1
1011100011011110	1
1011100011100000	1
1011100011100011	1
1011100011100101	1
1011100011101101	1
1011100011110010	1
1011100011111000	1
1011100011111001	1
1011100100110011	1
1011100101100100	1
1011100101100101	1
1011100101110110	1
1011100101111101	1
1011100110101111	1
1011100111010000	1
1011100111010011	1
1011100111010100	1
1011100111010110	1
1011100111011011	1
1011100111011101	1
1011100111110000	1
1011100111110010	1
1011100111110100	1
1011100111111000	1
1011100111111110	1
1100000000000111	1
1100000000010101	1
1100000000011100	1
1100000000100001	1
1100000000100110	1
1100000000101000	1
1100000000101100	1
1100000000101101	1
1100000000110100	1
1100000001000100	1
1100000001001010	1
1100000001100000	1
1100000010000000	1
1100000010001000	1
1100000010001001	1
1100000010001100	1
1100000010001110	1
1100000011110111	1
1100000011111111	1
1100000100000001	1
1100000100000010	1
1100000100000101	1
1100000100000110	1
1100000100001001	1
1100000100001010	1
1100000100001011	1
1100000100010100	1
1100000100101101	1
1100000110000001	1
1100000110000100	1
1100000110001010	1
1100000110011110	1
1100000111111111	1
1100100000000100	1
1100100000000111	1
1100100000001101	1
1100100000001110	1
1100100000011011	1
1100100000100101	1
1100100001001011	1
1100100001001110	1
1100100001001111	1
1100100001101001	1
1100100001101101	1
1100100001101110	1
1100100010001111	1
1100100010101111	1
1100100010111101	1
1100100011000100	1
1100100011001011	1
1100100011010111	1
1100100011011110	1
1100100011100011	1
1100100011100110	1
1100100011101000	1
1100100011101011	1
1100100011101110	1
1100100011111011	1
1100100101001111	1
1100100110001111	1
1100100111000101	1
1100100111001010	1
1100100111001011	1
1100100111001100	1
1100100111001101	1
1100100111011001	1
1100100111011011	1
1100100111101011	1
1100100111101100	1
1100100111111111	1
1101000000000000	1
1101000000000101	1
1101000000001100	1
1101000000001101	1
1101000000001111	1
1101000000010000	1
1101000000100000	1
1101000000100100	1
1101000000101000	1
1101000000101011	1
1101000000101101	1
1101000000101111	1
1101000000111011	1
1101000000111101	1
1101000001000110	1
1101000001011011	1
1101000001100111	1
1101000001101011	1
1101000001111101	1
1101000010101101	1
1101000011001110	1
1101000011011111	1
1101000011101001	1
1101000011111011	1
1101000100000100	1
1101000100011101	1
1101000100100010	1
1101000100101100	1
1101000100110111	1
1101000100111001	1
1101000101011100	1
1101000101110110	1
1101000111101000	1
1101000111101011	1
1101000111101101	1
1101000111110111	1
1101000111111110	1
1101000111111111	1
1101100000000001	1
1101100000001111	1
1101100000111101	1
1101100001001110	1
1101100001001111	1
1101100001101000	1
1101100001101011	1
1101100001101110	1
1101100001110111	1
1101100001111010	1
1101100001111011	1
1101100010001111	1
1101100010101100	1
1101100010101111	1
1101100010110101	1
1101100010111100	1
1101100010111101	1
1101100010111111	1
1101100011001101	1
1101100011011101	1
1101100011100001	1
1101100011100101	1
1101100011110100	1
1101100011110101	1
1101100011110110	1
1101100011111100	1
1101100101001111	1
1101100101010011	1
1101100101101000	1
1101100101101101	1
1101100101111100	1
1101100110100110	1
1101100110101101	1
1101100110101110	1
1101100110111110	1
1101100111001011	1
1101100111001100	1
1101100111001101	1
1101100111100110	1
1101100111101010	1
1101100111110101	1
1101100111110111	1
1101100111111001	1
1110000000001111	1
1110000000010001	1
1110000000010011	1
1110000000010111	1
1110000000011000	1
1110000000111110	1
1110000001001110	1
1110000001011111	1
1110000001111101	1
1110000010011011	1
1110000010011111	1
1110000011010011	1
1110000011100111	1
1110000011101011	1
1110000011101111	1
1110000011110111	1
1110000011111001	1
1110000011111101	1
1110000100011011	1
1110000100011101	1
1110000100011110	1
1110000100011111	1
1110000101111111	1
1110000111011101	1
1110000111011111	1
1110000111111001	1
1110000111111011	1
1110000111111111	1
1110100000000011	1
1110100000011111	1
1110100001010100	1
1110100001011100	1
1110100001111100	1
1110100001111101	1
1110100010101111	1
1110100010111110	1
1110100011000011	1
1110100011001100	1
1110100011010001	1
1110100011011100	1
1110100011101001	1
1110100011101010	1
1110100011101101	1
1110100011110010	1
1110100011110100	1
1110100011111001	1
1110100011111010	1
1110100100111111	1
1110100101011110	1
1110100101011111	1
1110100101101111	1
1110100101111101	1
1110100101111110	1
1110100101111111	1
1110100110011110	1
1110100110011111	1
1110100110101111	1
1110100110111111	1
1110100111001010	1
1110100111001101	1
1110100111001111	1
1110100111011110	1
1110100111101100	1
1110100111101101	1
1110100111101111	1
1110100111110111	1
1110100111111100	1
1111000000001111	1
1111000000011001	1
1111000000011011	1
1111000000011110	1
1111000000101011	1
1111000000110111	1
1111000000111100	1
1111000000111101	1
1111000000111110	1
1111000001110111	1
1111000010101011	1
1111000010110111	1
1111000010111011	1
1111000011011010	1
1111000011011101	1
1111000011100010	1
1111000011100011	1
1111000011101110	1
1111000011110111	1
1111000100011000	1
1111000100101111	1
1111000101111011	1
1111000110111011	1
1111000111001111	1
1111000111011110	1
1111000111100111	1
1111000111101110	1
1111000111101111	1
1111000111110000	1
1111000111110111	1
1111100000011111	1
1111100000111111	1
1111100001001110	1
1111100001011111	1
1111100001100111	1
1111100001101011	1
1111100001101110	1
1111100001111011	1
1111100001111100	1
1111100010101110	1
1111100010111001	1
1111100010111100	1
1111100011001101	1
1111100011010011	1
1111100011010111	1
1111100011011001	1
1111100011011010	1
1111100011011100	1
1111100011011101	1
1111100011100001	1
1111100011100110	1
1111100011101010	1
1111100011101100	1
1111100011110000	1
1111100011110101	1
1111100100111100	1
1111100100111111	1
1111100101001111	1
1111100101101111	1
1111100101110011	1
1111100101111001	1
1111100101111010	1
1111100101111011	1
1111100101111100	1
1111100110001111	1
1111100110101011	1
1111100110101110	1
1111100110110111	1
1111100110111100	1
1111100111011000	1
1111100111110001	1
1111100111110101	1
