VALUES		COUNTS

0000000000000000	224
1111100011111110	99
0100000000001000	84
0000000000000010	42
0000000000000100	33
0001000000100000	33
0010000000010000	31
1011100011110110	31
0100000000000000	29
1111100011111100	29
1000000000000100	26
0000000000010000	25
1000000000000000	25
1100000000001110	23
1011100011111110	21
0000000000100000	17
0011100011110000	17
1101100011111110	16
0000000000001000	15
0001000000000000	15
1100000000001100	15
0001100011100000	14
1000000000000110	14
1001100011110110	14
1111000011111110	14
0111100011111010	13
0111100011111110	13
1110100011111110	13
1111100001111110	13
0000000010000000	12
0100000000001010	12
0100000000001100	12
1111100011101110	12
1111100011111010	12
0111100011111000	11
1101100011101110	11
1111100011011110	11
0000100000000000	10
0101000000101000	10
1001100011100110	10
1011100011110100	10
1110100011011110	9
0010000000000000	8
1111100010111110	8
0000000001000000	7
0010000000010010	7
1101100011111100	7
1110000000011110	7
1111100011110110	7
0000100001000000	6
0010100011010000	6
0011100011110110	6
0100000001001000	6
0110000000001000	6
1000000000000010	6
1011100011111100	6
1100000000001000	6
0000100011000000	5
0011100010110000	5
0011100011110010	5
0100000000001110	5
0100000000101000	5
0110100011011110	5
0111100010111010	5
0111100011111100	5
1001100011101110	5
1011100010110110	5
1011100011010110	5
1011100011111010	5
1100100011001110	5
1111100010011110	5
0000000000010010	4
0000100011100000	4
0001000000100010	4
0001000000100100	4
0001000000101000	4
0011000011110000	4
0011100001110000	4
0011100011010000	4
0011100011111010	4
0100000010001000	4
0101000000001000	4
0111100011110110	4
1010000000010100	4
1010100011111110	4
1011000011110110	4
1011100011100110	4
1101100001111110	4
1101100010101110	4
1111000011111100	4
1111100001011110	4
1111100001111100	4
1111100011011100	4
1111100011100110	4
1111100011110010	4
1111100011110100	4
0000000010100000	3
0001000000000100	3
0001100010100000	3
0001100011110000	3
0011100011011000	3
0011100011111110	3
0100000000100000	3
0100000010000000	3
0101100011101000	3
0101100011101110	3
0101100011111110	3
0110000000010000	3
0110100011111010	3
0111000011111010	3
0111000011111110	3
0111100001111110	3
0111100010111000	3
0111100010111110	3
0111100011010000	3
0111100011011010	3
1000000000001000	3
1000000000010100	3
1001000000100100	3
1001000000100110	3
1010100011010110	3
1010100011110110	3
1011000011110100	3
1011000011111110	3
1011100001110110	3
1011100011100100	3
1011100011101110	3
1100000000011110	3
1100000001001110	3
1100100011101110	3
1100100011111110	3
1101000011111110	3
1101100011101100	3
1110000000010100	3
1110100011010110	3
1110100011111100	3
1111000011110110	3
1111100010010110	3
1111100010110110	3
1111100011001110	3
1111100011111000	3
0000000000100010	2
0000000000110000	2
0000000010010000	2
0000000011000000	2
0000100000000010	2
0000100001000100	2
0000100011110000	2
0001000000000010	2
0001000000010100	2
0001000001100000	2
0001000010100000	2
0001000011100000	2
0001100011000000	2
0001100011011010	2
0001100011100010	2
0001100011100100	2
0010000000010100	2
0010000000011000	2
0010000001010000	2
0010100000010010	2
0010100010110010	2
0011100001110110	2
0011100010110010	2
0011100011100010	2
0100000000000010	2
0100000000000100	2
0100000000010000	2
0100100011001100	2
0100100011101000	2
0101000000100000	2
0101000000101110	2
0101000011101000	2
0101100011001000	2
0101100011101010	2
0101100011110000	2
0101100011111000	2
0101100011111010	2
0110000000011000	2
0110100001011110	2
0110100011011010	2
0110100011111110	2
0111000000111000	2
0111100001101010	2
0111100001111000	2
0111100001111010	2
0111100010101010	2
0111100011011110	2
0111100011101110	2
0111100011110000	2
0111100011110010	2
1000000000001100	2
1000000000001110	2
1000000000010110	2
1000100011000000	2
1000100011100110	2
1001000000000000	2
1001000000000100	2
1001000000000110	2
1001100001101010	2
1001100001111110	2
1001100010101110	2
1001100011100100	2
1001100011110100	2
1001100011111110	2
1010000000010000	2
1010000000010110	2
1010100011010010	2
1010100011010100	2
1011100000100110	2
1011100001111110	2
1011100010100100	2
1011100010111110	2
1011100011011110	2
1011100011110000	2
1011100011110010	2
1011100011111000	2
1100000000000100	2
1100100000001110	2
1100100011011100	2
1100100011011110	2
1101000000001110	2
1101000000101110	2
1101000011101100	2
1101100001111100	2
1101100011001110	2
1101100011100100	2
1101100011101010	2
1110000011011110	2
1110000011111110	2
1110100001011110	2
1110100011001110	2
1111000000111110	2
1111000010111110	2
1111000011011110	2
1111000011101110	2
1111000011111010	2
1111100010110100	2
1111100010111000	2
1111100010111010	2
1111100010111100	2
1111100011101010	2
1111100011101100	2
0000000000000110	1
0000000000001010	1
0000000000001100	1
0000000000001110	1
0000000000010100	1
0000000000011000	1
0000000000100100	1
0000000000101000	1
0000000001000010	1
0000000001001110	1
0000000001100000	1
0000000010000010	1
0000000010001000	1
0000000011001000	1
0000100000001000	1
0000100000010000	1
0000100001000010	1
0000100001000110	1
0000100001001000	1
0000100001010000	1
0000100001011010	1
0000100010000000	1
0000100010000110	1
0000100010100110	1
0000100011000100	1
0000100011001000	1
0000100011010000	1
0000100011101110	1
0001000000000110	1
0001000000001100	1
0001000000010000	1
0001000000100110	1
0001000000110000	1
0001000001000110	1
0001000001101000	1
0001000010000000	1
0001000010100010	1
0001000011110000	1
0001100000000010	1
0001100000101000	1
0001100000110100	1
0001100001100000	1
0001100010010010	1
0001100010100100	1
0001100010110010	1
0001100011001000	1
0001100011001110	1
0001100011011000	1
0001100011100110	1
0001100011101000	1
0001100011110110	1
0001100011111010	1
0010000000000010	1
0010000000000100	1
0010000000001000	1
0010000000001010	1
0010000000001100	1
0010000000011110	1
0010000000110000	1
0010000000110100	1
0010000001010010	1
0010000010000000	1
0010000010010000	1
0010000010010010	1
0010000010100110	1
0010000011111110	1
0010100000110110	1
0010100001000000	1
0010100010110000	1
0010100011000000	1
0010100011001000	1
0010100011010010	1
0010100011010100	1
0010100011011000	1
0010100011011110	1
0010100011110000	1
0010100011111000	1
0011000000000000	1
0011000000000010	1
0011000000010000	1
0011000000111110	1
0011000001111110	1
0011100000110010	1
0011100001111010	1
0011100001111110	1
0011100010011110	1
0011100010110110	1
0011100011100000	1
0011100011101110	1
0011100011110100	1
0011100011111000	1
0100000000000110	1
0100000000010010	1
0100000000010100	1
0100000000010110	1
0100000000011000	1
0100000000011100	1
0100000000100010	1
0100000000101010	1
0100000001000000	1
0100000001010000	1
0100000010100000	1
0100000010101000	1
0100000011000000	1
0100000011111010	1
0100100000001000	1
0100100001000000	1
0100100001000010	1
0100100001001000	1
0100100001001010	1
0100100010101000	1
0100100011001000	1
0100100011001010	1
0100100011011010	1
0100100011110010	1
0101000000000000	1
0101000000001010	1
0101000000101100	1
0101000000111000	1
0101000001101000	1
0101000010001000	1
0101000010101000	1
0101000011100000	1
0101100001001010	1
0101100001001100	1
0101100001101100	1
0101100010101000	1
0101100010111110	1
0101100011001110	1
0101100011100010	1
0101100011100110	1
0101100011110110	1
0110000000011010	1
0110000000011100	1
0110000000101100	1
0110000000111010	1
0110000010001010	1
0110000011011110	1
0110000011111010	1
0110100001111010	1
0110100010011110	1
0110100011000110	1
0110100011010010	1
0110100011010110	1
0110100011011000	1
0110100011011100	1
0110100011111100	1
0111000000001000	1
0111000000011110	1
0111000000100000	1
0111000001111010	1
0111000001111110	1
0111000010110100	1
0111000011011110	1
0111000011111100	1
0111100000101000	1
0111100001001010	1
0111100001011010	1
0111100001110010	1
0111100001111100	1
0111100010101000	1
0111100010101110	1
0111100010110010	1
0111100011001010	1
0111100011001110	1
0111100011101010	1
0111100011110100	1
1000000000001010	1
1000000000010000	1
1000000000100100	1
1000000000110110	1
1000000000111010	1
1000000000111100	1
1000000001000000	1
1000000010000100	1
1000000011000010	1
1000100000000010	1
1000100000000100	1
1000100000000110	1
1000100000010100	1
1000100000100110	1
1000100001000000	1
1000100001000110	1
1000100010000100	1
1000100010110110	1
1000100011000010	1
1000100011000110	1
1000100011010100	1
1000100011010110	1
1000100011100100	1
1000100011110110	1
1001000000000010	1
1001000000001100	1
1001000000001110	1
1001000000010100	1
1001000000100000	1
1001000000101000	1
1001000001000100	1
1001000001010110	1
1001000001100010	1
1001000001100100	1
1001000001100110	1
1001000010000000	1
1001000011000110	1
1001000011111110	1
1001100000100110	1
1001100001000100	1
1001100001100010	1
1001100010100110	1
1001100010110110	1
1001100011000000	1
1001100011000100	1
1001100011001110	1
1001100011010110	1
1010000000010010	1
1010000000011000	1
1010000000110110	1
1010000000111100	1
1010000001010110	1
1010000011010110	1
1010000011111110	1
1010100000010010	1
1010100001100110	1
1010100001110110	1
1010100011000110	1
1010100011101110	1
1010100011110100	1
1010100011111000	1
1011000000001110	1
1011000000010010	1
1011000000011110	1
1011000000100100	1
1011000000110010	1
1011000000110110	1
1011000000111110	1
1011000001100110	1
1011000001110100	1
1011000001111100	1
1011000001111110	1
1011000011011110	1
1011100000110010	1
1011100000110110	1
1011100001010010	1
1011100001100110	1
1011100001110100	1
1011100001111100	1
1011100010110000	1
1011100010110010	1
1011100010110100	1
1011100010111010	1
1011100010111100	1
1011100011010100	1
1011100011011100	1
1011100011100000	1
1100000000000000	1
1100000000001010	1
1100000000010110	1
1100000000100110	1
1100000000101100	1
1100000000101110	1
1100000010000100	1
1100000010001110	1
1100000010101110	1
1100100000000100	1
1100100000001000	1
1100100000001010	1
1100100001100110	1
1100100001101110	1
1100100010101110	1
1100100011001010	1
1100100011100110	1
1100100011110110	1
1101000000001000	1
1101000000001100	1
1101000000110100	1
1101000001101000	1
1101000001111110	1
1101000010001000	1
1101000010111100	1
1101000011100110	1
1101000011101010	1
1101000011111010	1
1101000011111100	1
1101100000100000	1
1101100001110110	1
1101100010110110	1
1101100010111110	1
1101100011100010	1
1101100011100110	1
1101100011101000	1
1101100011110010	1
1101100011110100	1
1101100011110110	1
1101100011111000	1
1110000000000100	1
1110000000001100	1
1110000000001110	1
1110000000010110	1
1110000000101100	1
1110000000111110	1
1110000011110100	1
1110000011111100	1
1110100001000110	1
1110100001001110	1
1110100001010000	1
1110100001010110	1
1110100001011010	1
1110100001011100	1
1110100001111100	1
1110100010001110	1
1110100010011010	1
1110100010011100	1
1110100010011110	1
1110100010111100	1
1110100011000100	1
1110100011010010	1
1110100011011100	1
1110100011100010	1
1110100011110110	1
1110100011111010	1
1111000000011100	1
1111000001011100	1
1111000001101100	1
1111000001111110	1
1111000010101010	1
1111000010101110	1
1111000011011000	1
1111000011011100	1
1111100000110110	1
1111100000111100	1
1111100000111110	1
1111100001011100	1
1111100001101000	1
1111100001101110	1
1111100001111010	1
1111100010011100	1
1111100010100000	1
1111100010101010	1
1111100011001100	1
1111100011100100	1
