Value		Probability

    0			0.1394
 4095			0.0491
  514			0.0179
   32			0.0176
   16			0.0168
  128			0.0162
  260			0.0152
   64			0.0151
  512			0.0138
   80			0.0128
    8			0.0120
 3583			0.0118
 4063			0.0116
  136			0.0115
    4			0.0109
 3835			0.0094
 4091			0.0093
 4031			0.0087
 3959			0.0085
 3967			0.0085
 3581			0.0084
 4087			0.0077
  248			0.0075
 4079			0.0072
    2			0.0071
 4015			0.0067
 2048			0.0066
 3839			0.0063
  256			0.0059
 2047			0.0056
 3071			0.0055
 4093			0.0053
 3847			0.0049
    1			0.0049
 4094			0.0047
 3983			0.0046
   96			0.0044
  112			0.0043
 1024			0.0038
  216			0.0034
 3587			0.0031
   48			0.0029
 3321			0.0027
 3927			0.0027
  508			0.0027
 3551			0.0026
  168			0.0026
  160			0.0025
 3323			0.0024
 3579			0.0023
 4047			0.0021
  642			0.0021
  208			0.0021
  546			0.0021
 3073			0.0021
 3879			0.0020
 3803			0.0020
  388			0.0020
 3455			0.0020
 3519			0.0020
  240			0.0020
 3447			0.0019
  120			0.0019
  774			0.0018
  144			0.0018
  576			0.0018
 3503			0.0018
 3935			0.0018
 3699			0.0018
  544			0.0018
 1025			0.0018
  528			0.0018
   40			0.0018
 3575			0.0017
 3963			0.0017
  530			0.0017
 3549			0.0017
  578			0.0017
 3577			0.0017
 3827			0.0017
 4059			0.0017
 3903			0.0017
 3895			0.0016
 3517			0.0016
  594			0.0016
  324			0.0016
 4055			0.0016
 3975			0.0016
  192			0.0016
  516			0.0016
 4027			0.0016
  340			0.0015
  640			0.0015
 3855			0.0015
 3955			0.0015
  772			0.0015
   88			0.0015
 3567			0.0015
  276			0.0015
 3999			0.0015
 3707			0.0015
   72			0.0015
  232			0.0014
 3445			0.0014
 3771			0.0014
  396			0.0014
 3453			0.0014
  184			0.0014
   36			0.0014
 3755			0.0014
   24			0.0014
 3943			0.0014
  292			0.0013
 3327			0.0013
  522			0.0013
 4083			0.0013
 3887			0.0013
 4023			0.0013
 4007			0.0013
   20			0.0013
  650			0.0013
 3335			0.0013
 3833			0.0012
 3807			0.0012
 3703			0.0012
 3819			0.0012
  200			0.0012
  592			0.0012
 1535			0.0012
 3565			0.0012
   68			0.0012
  152			0.0012
 3573			0.0011
  268			0.0011
 3471			0.0011
  132			0.0011
 2559			0.0011
 1533			0.0011
 1022			0.0011
 3582			0.0011
 3325			0.0011
 3775			0.0011
 2811			0.0011
 4075			0.0011
 3951			0.0011
 4011			0.0011
 2943			0.0011
 4061			0.0010
 4071			0.0010
 3843			0.0010
  648			0.0010
 2562			0.0010
  520			0.0010
 3070			0.0010
  518			0.0010
 2043			0.0010
 1983			0.0010
  130			0.0010
 3007			0.0010
 3067			0.0010
 3863			0.0010
 3711			0.0010
   12			0.0010
 1967			0.0010
 3055			0.0010
 4029			0.0010
 3501			0.0010
 3823			0.0010
   84			0.0010
 2015			0.0010
 2557			0.0010
 3723			0.0009
  762			0.0009
 3911			0.0009
  513			0.0009
 3965			0.0009
 4085			0.0009
   18			0.0009
 3469			0.0009
 3834			0.0009
 3591			0.0009
 4089			0.0009
 3759			0.0009
  262			0.0009
 3580			0.0009
 3957			0.0009
 1919			0.0009
 4062			0.0009
   34			0.0009
 2031			0.0009
 4086			0.0008
 3667			0.0008
 2935			0.0008
 2039			0.0008
 2112			0.0008
 3831			0.0008
 1787			0.0008
 4013			0.0008
  476			0.0008
 1911			0.0008
  372			0.0008
 2045			0.0008
  224			0.0008
 3185			0.0008
 3958			0.0008
 2080			0.0008
 1791			0.0008
 4090			0.0008
  138			0.0008
 3039			0.0008
 3075			0.0007
  504			0.0007
 3846			0.0007
 2308			0.0007
   66			0.0007
  760			0.0007
 4030			0.0007
 2991			0.0007
 3333			0.0007
 2064			0.0007
 2560			0.0007
   33			0.0007
  384			0.0007
 3715			0.0007
  768			0.0007
  336			0.0007
 3063			0.0007
 1023			0.0007
 2049			0.0007
 4077			0.0007
  272			0.0007
  288			0.0007
 2176			0.0007
 1539			0.0007
  515			0.0007
 3619			0.0006
  261			0.0006
   65			0.0006
  252			0.0006
 3979			0.0006
 3289			0.0006
  320			0.0006
   82			0.0006
 4078			0.0006
 1799			0.0006
 4014			0.0006
  770			0.0006
  264			0.0006
 3585			0.0006
 3837			0.0006
  500			0.0006
  140			0.0006
   17			0.0006
 3291			0.0006
  176			0.0006
  428			0.0006
 2815			0.0006
 1088			0.0006
 4039			0.0006
 3069			0.0006
 2128			0.0006
 3838			0.0005
 3315			0.0005
 3966			0.0005
  444			0.0005
 3635			0.0005
 3981			0.0005
    6			0.0005
 2046			0.0005
 3982			0.0005
   10			0.0005
  392			0.0005
 2184			0.0005
 2959			0.0005
  728			0.0005
 3193			0.0005
  380			0.0005
 3259			0.0005
 4092			0.0005
  104			0.0005
  610			0.0005
 3241			0.0005
 2823			0.0005
 3651			0.0005
 3391			0.0005
 2056			0.0005
  129			0.0005
  730			0.0005
 1152			0.0005
 3383			0.0005
 3443			0.0005
 3727			0.0005
 3415			0.0005
  116			0.0005
 3257			0.0005
 4051			0.0005
 1284			0.0005
 3875			0.0005
 1040			0.0005
 1538			0.0005
 3547			0.0005
 2296			0.0005
 1056			0.0004
 1020			0.0004
  626			0.0004
 3463			0.0004
 3187			0.0004
  910			0.0004
 1935			0.0004
 3367			0.0004
 3511			0.0004
 3923			0.0004
 3845			0.0004
 3313			0.0004
 3423			0.0004
 3072			0.0004
   56			0.0004
 2297			0.0004
    5			0.0004
 1536			0.0004
  250			0.0004
 3919			0.0004
 1273			0.0004
  682			0.0004
 3595			0.0004
 3795			0.0004
  608			0.0004
 3243			0.0004
 3543			0.0004
  249			0.0004
  356			0.0004
    9			0.0004
 3365			0.0004
  492			0.0004
 2555			0.0004
  100			0.0004
 3603			0.0004
 3320			0.0004
   81			0.0004
 3305			0.0004
 3209			0.0004
  308			0.0004
 3925			0.0004
 3535			0.0004
 3451			0.0004
 3307			0.0004
 3787			0.0004
 3105			0.0004
 3991			0.0004
 2052			0.0004
 3851			0.0004
 3515			0.0004
 1018			0.0004
 1041			0.0003
 3343			0.0003
 3513			0.0003
  258			0.0003
 3413			0.0003
  472			0.0003
 1275			0.0003
 3871			0.0003
 3431			0.0003
 1503			0.0003
 3643			0.0003
 3499			0.0003
 3295			0.0003
 3747			0.0003
 3389			0.0003
 3487			0.0003
 2556			0.0003
  624			0.0003
 1531			0.0003
 3683			0.0003
 3931			0.0003
  137			0.0003
 1927			0.0003
 3563			0.0003
 3545			0.0003
  560			0.0003
 4043			0.0003
  368			0.0003
 3375			0.0003
 2563			0.0003
 3571			0.0003
 3191			0.0003
 1160			0.0003
 3769			0.0003
 1026			0.0003
  510			0.0003
 3541			0.0003
 3675			0.0003
 2050			0.0003
 1032			0.0003
 4019			0.0003
  806			0.0003
 3195			0.0003
 1104			0.0003
 3739			0.0003
 1272			0.0003
  886			0.0003
  754			0.0003
 1975			0.0003
 3199			0.0003
 3533			0.0003
 2304			0.0003
  562			0.0003
 3586			0.0003
 3495			0.0003
 3502			0.0003
  680			0.0003
 3995			0.0003
 1537			0.0003
 4021			0.0003
 2822			0.0003
    3			0.0003
 3081			0.0003
 1659			0.0003
 3439			0.0003
  674			0.0003
 3247			0.0003
 3153			0.0003
 3341			0.0003
 2558			0.0003
 1999			0.0003
 3485			0.0003
 3926			0.0003
  468			0.0003
 2144			0.0003
 3971			0.0003
 3550			0.0003
 3263			0.0003
 3894			0.0003
 3331			0.0003
 2855			0.0003
  244			0.0003
 3899			0.0003
 3201			0.0003
 3421			0.0003
 3569			0.0003
 2975			0.0003
 2264			0.0003
 3559			0.0003
 3627			0.0003
 3763			0.0002
 2927			0.0002
  838			0.0002
 1831			0.0002
 3261			0.0002
  452			0.0002
  752			0.0002
 3035			0.0002
 4003			0.0002
 3743			0.0002
 2553			0.0002
 3891			0.0002
 2495			0.0002
 4081			0.0002
 1028			0.0002
  990			0.0002
 1651			0.0002
 3607			0.0002
 3947			0.0002
 3452			0.0002
 3449			0.0002
 1399			0.0002
  894			0.0002
 3381			0.0002
 2431			0.0002
  218			0.0002
 3441			0.0002
 3089			0.0002
 3574			0.0002
  294			0.0002
 3548			0.0002
  656			0.0002
 2903			0.0002
 2543			0.0002
 1855			0.0002
 3561			0.0002
 3446			0.0002
 3826			0.0002
  460			0.0002
 3038			0.0002
 1057			0.0002
  722			0.0002
 1285			0.0002
  284			0.0002
 1529			0.0002
 2160			0.0002
  658			0.0002
 1847			0.0002
 4046			0.0002
   98			0.0002
  348			0.0002
 1153			0.0002
 3429			0.0002
 3934			0.0002
 2423			0.0002
 3719			0.0002
 3697			0.0002
 2942			0.0002
 3137			0.0002
 3799			0.0002
 3811			0.0002
 3705			0.0002
 3121			0.0002
 3706			0.0002
 2987			0.0002
 3518			0.0002
  172			0.0002
 3623			0.0002
 2013			0.0002
 3351			0.0002
 3461			0.0002
 3639			0.0002
  420			0.0002
  220			0.0002
  300			0.0002
 3893			0.0002
 3801			0.0002
 3691			0.0002
  257			0.0002
 2731			0.0002
 1469			0.0002
 1471			0.0002
 3679			0.0002
 1903			0.0002
   50			0.0002
 3211			0.0002
  902			0.0002
  532			0.0002
 3791			0.0002
 1879			0.0002
  704			0.0002
 3467			0.0002
 1161			0.0002
 3189			0.0002
 1771			0.0002
 3802			0.0002
  509			0.0002
  672			0.0002
  664			0.0002
 3322			0.0002
  746			0.0002
 3493			0.0002
  942			0.0002
 3293			0.0002
 3497			0.0002
 1029			0.0002
 2871			0.0002
 2999			0.0002
 2007			0.0002
 2011			0.0002
 3397			0.0002
 3885			0.0002
 3878			0.0002
  412			0.0002
  304			0.0002
 3907			0.0002
 3998			0.0002
 1755			0.0002
 1279			0.0002
 3883			0.0002
  552			0.0002
 3077			0.0002
  634			0.0002
 2934			0.0002
 3671			0.0002
 3079			0.0002
 2525			0.0002
 4025			0.0002
 3721			0.0002
 1407			0.0002
 4057			0.0002
 3961			0.0002
 2527			0.0002
  775			0.0002
  790			0.0002
  788			0.0002
  644			0.0002
 2311			0.0002
 3155			0.0002
 2675			0.0002
  712			0.0002
 3454			0.0002
  720			0.0002
 1136			0.0002
 3854			0.0002
 2810			0.0002
 3942			0.0002
 3031			0.0002
 3576			0.0002
 2779			0.0002
 3203			0.0002
 2096			0.0002
 3047			0.0002
  352			0.0002
 3973			0.0002
 2041			0.0002
  766			0.0002
 2479			0.0002
 3399			0.0002
 1014			0.0002
  706			0.0002
  804			0.0002
 1532			0.0002
  114			0.0002
  538			0.0002
 3933			0.0002
 2747			0.0002
  332			0.0002
  436			0.0002
 3066			0.0002
 2551			0.0002
  900			0.0002
  534			0.0002
 1963			0.0002
 3068			0.0002
 3806			0.0002
 1895			0.0002
   97			0.0002
   52			0.0002
 1519			0.0002
  836			0.0002
 1785			0.0002
 1280			0.0002
 1807			0.0002
 3647			0.0002
 3773			0.0002
 3687			0.0002
 3949			0.0002
 3599			0.0002
 3859			0.0002
 3566			0.0002
  511			0.0002
  666			0.0002
 2803			0.0002
 3444			0.0002
 1021			0.0002
  316			0.0002
 2493			0.0002
 3437			0.0002
 1397			0.0002
 3939			0.0002
  170			0.0002
  424			0.0002
 1655			0.0002
  763			0.0002
  854			0.0002
  506			0.0002
 2951			0.0002
  782			0.0002
  376			0.0002
 2388			0.0002
 2299			0.0002
 3751			0.0002
 3962			0.0002
  536			0.0002
 2939			0.0002
   92			0.0002
 1501			0.0002
 4069			0.0002
  374			0.0002
 1786			0.0002
  934			0.0002
 3062			0.0002
 3825			0.0002
 4067			0.0002
 1287			0.0002
 3319			0.0002
 3910			0.0002
 1619			0.0002
 1105			0.0002
 3309			0.0002
  484			0.0002
 3901			0.0002
 3349			0.0002
 1241			0.0002
 1534			0.0002
 3054			0.0001
  554			0.0001
  895			0.0001
 4054			0.0001
 1089			0.0001
 1910			0.0001
 4084			0.0001
 2958			0.0001
 3023			0.0001
  124			0.0001
  342			0.0001
 1779			0.0001
  698			0.0001
 1033			0.0001
 2911			0.0001
  194			0.0001
  122			0.0001
 3578			0.0001
  529			0.0001
 1277			0.0001
 3753			0.0001
 1982			0.0001
 1137			0.0001
 1951			0.0001
  236			0.0001
 1887			0.0001
 1006			0.0001
  404			0.0001
 2931			0.0001
  991			0.0001
 3822			0.0001
 2035			0.0001
 4022			0.0001
 3107			0.0001
  958			0.0001
 3509			0.0001
 3169			0.0001
   49			0.0001
 1007			0.0001
 3754			0.0001
 4045			0.0001
  908			0.0001
 4005			0.0001
  602			0.0001
 2324			0.0001
  204			0.0001
 3311			0.0001
 3974			0.0001
 2216			0.0001
 1959			0.0001
   44			0.0001
   76			0.0001
 2919			0.0001
 4058			0.0001
 3659			0.0001
  169			0.0001
 1981			0.0001
  113			0.0001
 3123			0.0001
 3225			0.0001
 3861			0.0001
 3698			0.0001
 1120			0.0001
 3006			0.0001
  580			0.0001
 1240			0.0001
 3459			0.0001
  852			0.0001
 3978			0.0001
 1915			0.0001
 3902			0.0001
 1931			0.0001
 2863			0.0001
 1570			0.0001
 3977			0.0001
 2429			0.0001
 1423			0.0001
 3877			0.0001
  632			0.0001
 1453			0.0001
 1405			0.0001
 2421			0.0001
 3774			0.0001
 2691			0.0001
 3281			0.0001
 2303			0.0001
 3564			0.0001
  767			0.0001
  586			0.0001
 3373			0.0001
  188			0.0001
 3713			0.0001
 3997			0.0001
 2814			0.0001
 3830			0.0001
  464			0.0001
  448			0.0001
 3233			0.0001
 3091			0.0001
 2161			0.0001
  241			0.0001
  217			0.0001
  652			0.0001
  884			0.0001
 3317			0.0001
 3941			0.0001
 2807			0.0001
 1759			0.0001
 1723			0.0001
 2578			0.0001
 3702			0.0001
 3037			0.0001
  212			0.0001
  278			0.0001
 2265			0.0001
 2983			0.0001
 1979			0.0001
 1467			0.0001
 3722			0.0001
 1600			0.0001
  974			0.0001
 2819			0.0001
 3842			0.0001
 3725			0.0001
  164			0.0001
 3065			0.0001
 3329			0.0001
 1027			0.0001
 2642			0.0001
 3051			0.0001
  156			0.0001
  242			0.0001
  956			0.0001
 2549			0.0001
 1064			0.0001
  196			0.0001
 1192			0.0001
 1917			0.0001
 3003			0.0001
 2699			0.0001
 3417			0.0001
  550			0.0001
 2027			0.0001
 3111			0.0001
  548			0.0001
 3953			0.0001
 3557			0.0001
 3275			0.0001
 2941			0.0001
 2795			0.0001
 2561			0.0001
 1711			0.0001
 2879			0.0001
 2065			0.0001
  696			0.0001
 1907			0.0001
  494			0.0001
 2567			0.0001
  202			0.0001
 2683			0.0001
 1739			0.0001
 1783			0.0001
 3950			0.0001
  834			0.0001
 3332			0.0001
 2690			0.0001
  398			0.0001
 4060			0.0001
 2436			0.0001
 2447			0.0001
 1367			0.0001
 3611			0.0001
 3681			0.0001
  943			0.0001
 1789			0.0001
  646			0.0001
 1319			0.0001
 3853			0.0001
 2232			0.0001
 1795			0.0001
 3572			0.0001
 4088			0.0001
  344			0.0001
 4070			0.0001
 2256			0.0001
 3061			0.0001
  517			0.0001
 3387			0.0001
 2477			0.0001
 2309			0.0001
 1839			0.0001
  773			0.0001
 3334			0.0001
 2839			0.0001
 3829			0.0001
 2687			0.0001
 3815			0.0001
  547			0.0001
  312			0.0001
 3470			0.0001
 2037			0.0001
 2168			0.0001
  848			0.0001
 3695			0.0001
 2014			0.0001
 3655			0.0001
  488			0.0001
 2594			0.0001
 3129			0.0001
 3832			0.0001
 3584			0.0001
  162			0.0001
 3821			0.0001
 2570			0.0001
 3757			0.0001
 4082			0.0001
 2541			0.0001
 3139			0.0001
 3710			0.0001
 4026			0.0001
 1707			0.0001
 1348			0.0001
 1517			0.0001
  440			0.0001
 3483			0.0001
 3954			0.0001
 1966			0.0001
 3005			0.0001
 3157			0.0001
 3363			0.0001
   38			0.0001
  185			0.0001
 3377			0.0001
 3171			0.0001
 1015			0.0001
 2566			0.0001
 1595			0.0001
 2624			0.0001
 4006			0.0001
 1209			0.0001
  582			0.0001
  148			0.0001
  896			0.0001
 2301			0.0001
 3361			0.0001
  892			0.0001
 1775			0.0001
   37			0.0001
  778			0.0001
 2831			0.0001
 3589			0.0001
 3770			0.0001
 1543			0.0001
 3197			0.0001
 2809			0.0001
  496			0.0001
 2116			0.0001
 1918			0.0001
  654			0.0001
 1798			0.0001
 1571			0.0001
 2955			0.0001
  651			0.0001
 3500			0.0001
 3409			0.0001
  161			0.0001
 3921			0.0001
 1525			0.0001
 2783			0.0001
 3131			0.0001
 3184			0.0001
 2552			0.0001
  584			0.0001
  364			0.0001
  850			0.0001
  780			0.0001
 3767			0.0001
 3161			0.0001
 2990			0.0001
 3411			0.0001
 2933			0.0001
 1663			0.0001
 3059			0.0001
 2576			0.0001
 1727			0.0001
 2208			0.0001
 2445			0.0001
 1403			0.0001
 3590			0.0001
  868			0.0001
 3412			0.0001
  432			0.0001
 2895			0.0001
  744			0.0001
 3407			0.0001
 2233			0.0001
  643			0.0001
 1815			0.0001
  649			0.0001
  390			0.0001
 3326			0.0001
  686			0.0001
  940			0.0001
 1373			0.0001
  445			0.0001
 2626			0.0001
 1455			0.0001
 1909			0.0001
 2489			0.0001
 2901			0.0001
 2023			0.0001
 1552			0.0001
 1863			0.0001
 2751			0.0001
  233			0.0001
 2288			0.0001
 3836			0.0001
 3277			0.0001
 3886			0.0001
 1139			0.0001
 1421			0.0001
 2235			0.0001
  791			0.0001
 1965			0.0001
 2778			0.0001
 2688			0.0001
  988			0.0001
 4010			0.0001
  408			0.0001
 2427			0.0001
  456			0.0001
 3844			0.0001
 3915			0.0001
 2298			0.0001
  210			0.0001
 2887			0.0001
 2200			0.0001
  616			0.0001
  209			0.0001
 3297			0.0001
 4073			0.0001
 4028			0.0001
 2592			0.0001
  596			0.0001
 3251			0.0001
  890			0.0001
 2084			0.0001
  186			0.0001
  714			0.0001
   28			0.0001
 1113			0.0001
 4009			0.0001
 2300			0.0001
 3862			0.0001
 1527			0.0001
 3053			0.0001
 3213			0.0001
 1121			0.0001
 1871			0.0001
 3074			0.0001
  822			0.0001
 2113			0.0001
 3283			0.0001
 2524			0.0001
 3531			0.0001
 3527			0.0001
 2957			0.0001
 1145			0.0001
  478			0.0001
  630			0.0001
 2730			0.0001
 3240			0.0001
 2511			0.0001
 2051			0.0001
 3618			0.0001
 3027			0.0001
 2030			0.0001
 3874			0.0001
 3701			0.0001
 1274			0.0001
 1389			0.0001
 1243			0.0001
 2521			0.0001
 1072			0.0001
 3633			0.0001
 1627			0.0001
 3113			0.0001
 3465			0.0001
 2698			0.0001
 1667			0.0001
 2564			0.0001
   90			0.0001
 3797			0.0001
 3779			0.0001
 1487			0.0001
 3324			0.0001
 1044			0.0001
 2595			0.0001
 1316			0.0001
  121			0.0001
 2320			0.0001
  477			0.0001
  595			0.0001
 1151			0.0001
 2437			0.0001
 1439			0.0001
 4012			0.0001
 3299			0.0001
  146			0.0001
 1193			0.0001
 3817			0.0001
  253			0.0001
 3104			0.0001
  577			0.0001
  800			0.0001
 3419			0.0001
 2655			0.0001
 3867			0.0001
 1933			0.0001
 2523			0.0001
 2476			0.0001
 2491			0.0001
 2487			0.0001
 2989			0.0001
   74			0.0001
 3173			0.0001
  193			0.0001
 3088			0.0001
  524			0.0001
  959			0.0001
 2340			0.0001
  521			0.0001
 1568			0.0001
 1554			0.0001
 2771			0.0001
 1666			0.0001
  234			0.0001
   70			0.0001
 3167			0.0001
 3539			0.0001
 1016			0.0001
 1674			0.0001
 3422			0.0001
  251			0.0001
 2280			0.0001
 2066			0.0001
 3342			0.0001
  776			0.0001
 3179			0.0001
  505			0.0001
 2042			0.0001
 3841			0.0001
 1675			0.0001
 3980			0.0001
  593			0.0001
 3786			0.0001
 1635			0.0001
 3163			0.0001
  416			0.0001
 2081			0.0001
 1065			0.0001
  133			0.0001
 3641			0.0001
 2830			0.0001
 3337			0.0001
  618			0.0001
  266			0.0001
 4053			0.0001
 1778			0.0001
  802			0.0001
  358			0.0001
 3405			0.0001
 1493			0.0001
   41			0.0001
 2568			0.0001
 3617			0.0001
 3215			0.0001
 1679			0.0001
  430			0.0001
 1412			0.0001
 1090			0.0001
 1603			0.0001
 2407			0.0001
 3805			0.0001
 3593			0.0001
 2651			0.0001
 3909			0.0001
  293			0.0001
 2391			0.0001
 1406			0.0001
 3783			0.0001
 1341			0.0001
 3357			0.0001
 2640			0.0001
  296			0.0001
  614			0.0001
   14			0.0001
 1542			0.0001
 3665			0.0001
 1168			0.0001
 3127			0.0001
  598			0.0001
  982			0.0001
 2169			0.0001
  566			0.0001
 3080			0.0001
 3083			0.0001
 3364			0.0001
 1184			0.0001
 2696			0.0001
 1112			0.0001
 3666			0.0001
 3410			0.0001
 3430			0.0001
 2682			0.0001
 1618			0.0001
 2267			0.0001
   21			0.0001
  814			0.0001
 1413			0.0001
 2240			0.0001
 2808			0.0001
 3793			0.0001
 1796			0.0001
 3145			0.0001
  600			0.0001
 3152			0.0001
 2325			0.0001
  830			0.0001
 3258			0.0001
 3192			0.0001
 1547			0.0001
  786			0.0001
  798			0.0001
  446			0.0001
 3709			0.0001
 3964			0.0001
 4074			0.0001
   42			0.0001
   26			0.0001
 3312			0.0001
 3085			0.0001
 2180			0.0001
 3924			0.0001
  400			0.0001
 2341			0.0001
 3205			0.0001
 2695			0.0001
  438			0.0001
 2072			0.0001
 3359			0.0001
 1955			0.0001
  341			0.0001
 3918			0.0001
 2057			0.0001
  906			0.0001
 3987			0.0001
 2674			0.0001
 2679			0.0001
 2305			0.0001
 3235			0.0001
 3726			0.0001
 2492			0.0001
 3512			0.0001
  579			0.0001
 2384			0.0001
 1365			0.0001
 3427			0.0001
 3956			0.0001
 1248			0.0001
 1499			0.0001
  274			0.0001
  771			0.0001
 3245			0.0001
 2735			0.0001
 3714			0.0001
 1107			0.0001
 3663			0.0001
 1349			0.0001
 2289			0.0001
  502			0.0001
  987			0.0001
 3631			0.0001
 3371			0.0001
 1650			0.0001
 3273			0.0001
 2820			0.0001
  145			0.0001
  635			0.0001
 3287			0.0001
 3601			0.0000
 3414			0.0000
 3420			0.0000
 2763			0.0000
 3304			0.0000
 3034			0.0000
 2579			0.0000
 3625			0.0000
  904			0.0000
 2950			0.0000
 2170			0.0000
 3043			0.0000
 3135			0.0000
 2316			0.0000
 1301			0.0000
 3227			0.0000
 3765			0.0000
  898			0.0000
 4017			0.0000
 2162			0.0000
 2671			0.0000
  893			0.0000
 3785			0.0000
 3019			0.0000
 2287			0.0000
  731			0.0000
 2540			0.0000
 1176			0.0000
  609			0.0000
 3516			0.0000
 3813			0.0000
  918			0.0000
  734			0.0000
 3540			0.0000
 1451			0.0000
 2054			0.0000
 1544			0.0000
 1555			0.0000
  280			0.0000
 1845			0.0000
  429			0.0000
 2444			0.0000
 2114			0.0000
 3428			0.0000
 2248			0.0000
 2799			0.0000
 1553			0.0000
 1875			0.0000
  228			0.0000
  254			0.0000
 2310			0.0000
  702			0.0000
 3505			0.0000
 1528			0.0000
 3256			0.0000
 3219			0.0000
 3761			0.0000
 3818			0.0000
 2461			0.0000
 1468			0.0000
 2120			0.0000
  255			0.0000
 2088			0.0000
 1073			0.0000
 2643			0.0000
 1396			0.0000
  750			0.0000
  986			0.0000
 2038			0.0000
 1259			0.0000
 2526			0.0000
 3555			0.0000
  998			0.0000
  989			0.0000
 2185			0.0000
 2129			0.0000
 2417			0.0000
 1361			0.0000
 3546			0.0000
 3525			0.0000
  871			0.0000
 2271			0.0000
 3435			0.0000
  479			0.0000
 1169			0.0000
 3001			0.0000
 1042			0.0000
  523			0.0000
 1546			0.0000
 1545			0.0000
 1281			0.0000
  783			0.0000
 2875			0.0000
 1797			0.0000
 1195			0.0000
 1199			0.0000
 3207			0.0000
 1665			0.0000
 3745			0.0000
 3729			0.0000
 1452			0.0000
 1465			0.0000
  922			0.0000
 2998			0.0000
 2995			0.0000
 2152			0.0000
 2132			0.0000
 3186			0.0000
 2406			0.0000
 2430			0.0000
 2397			0.0000
 1375			0.0000
 3442			0.0000
  887			0.0000
 2909			0.0000
 1883			0.0000
 3929			0.0000
 2281			0.0000
 2295			0.0000
 1264			0.0000
 1276			0.0000
 1233			0.0000
 3294			0.0000
 1790			0.0000
 3790			0.0000
 2539			0.0000
 1502			0.0000
 1004			0.0000
 2029			0.0000
 4037			0.0000
   25			0.0000
 1034			0.0000
  568			0.0000
  531			0.0000
 2571			0.0000
 3615			0.0000
 2317			0.0000
 2359			0.0000
 2367			0.0000
 1829			0.0000
 1851			0.0000
 2188			0.0000
 1420			0.0000
 1415			0.0000
 3507			0.0000
 1947			0.0000
   86			0.0000
 2419			0.0000
 3450			0.0000
  832			0.0000
 1743			0.0000
 1036			0.0000
  270			0.0000
 2349			0.0000
  784			0.0000
 2870			0.0000
 3239			0.0000
  690			0.0000
 2443			0.0000
 3462			0.0000
 1934			0.0000
 1096			0.0000
 3159			0.0000
  382			0.0000
  325			0.0000
 2372			0.0000
 3425			0.0000
 1267			0.0000
  764			0.0000
  738			0.0000
 1763			0.0000
 2550			0.0000
 1012			0.0000
  289			0.0000
 2192			0.0000
 3479			0.0000
  108			0.0000
 3154			0.0000
 3194			0.0000
 1232			0.0000
 1247			0.0000
 3125			0.0000
  526			0.0000
  820			0.0000
 1672			0.0000
 2171			0.0000
 1257			0.0000
  870			0.0000
 1715			0.0000
  627			0.0000
   13			0.0000
 2847			0.0000
 2722			0.0000
 3486			0.0000
 3477			0.0000
 2956			0.0000
 3669			0.0000
 1793			0.0000
  154			0.0000
 2452			0.0000
 1770			0.0000
 3050			0.0000
 3350			0.0000
 2971			0.0000
  115			0.0000
 1649			0.0000
 2929			0.0000
  493			0.0000
 3553			0.0000
 3870			0.0000
 3200			0.0000
 1398			0.0000
 3562			0.0000
 3014			0.0000
   83			0.0000
 3097			0.0000
 2357			0.0000
 3372			0.0000
 2473			0.0000
 3492			0.0000
 2988			0.0000
  501			0.0000
 1516			0.0000
  978			0.0000
  823			0.0000
   57			0.0000
 1048			0.0000
 1335			0.0000
 3433			0.0000
 1772			0.0000
 2044			0.0000
 2092			0.0000
 2307			0.0000
 1664			0.0000
 1709			0.0000
 1703			0.0000
  911			0.0000
 2130			0.0000
 1601			0.0000
 3946			0.0000
 2813			0.0000
 3339			0.0000
 1155			0.0000
  641			0.0000
 3718			0.0000
 2145			0.0000
   22			0.0000
 2291			0.0000
  972			0.0000
 1995			0.0000
 3468			0.0000
 3033			0.0000
  397			0.0000
 2926			0.0000
 2520			0.0000
 2005			0.0000
 2910			0.0000
   19			0.0000
 3076			0.0000
 2599			0.0000
 1587			0.0000
 2365			0.0000
 1325			0.0000
 3328			0.0000
 3388			0.0000
  812			0.0000
  815			0.0000
 2816			0.0000
 2818			0.0000
 2821			0.0000
 1853			0.0000
 3889			0.0000
  139			0.0000
 2219			0.0000
 3231			0.0000
 2703			0.0000
 1721			0.0000
 3762			0.0000
 3731			0.0000
 2463			0.0000
 1463			0.0000
 3460			0.0000
 2986			0.0000
 1930			0.0000
 3994			0.0000
   69			0.0000
  628			0.0000
 2673			0.0000
 1616			0.0000
 3670			0.0000
  855			0.0000
 2917			0.0000
 2907			0.0000
  201			0.0000
 3279			0.0000
 2794			0.0000
 2801			0.0000
 2519			0.0000
 3052			0.0000
 3046			0.0000
 2003			0.0000
 4076			0.0000
 1045			0.0000
 1031			0.0000
 3115			0.0000
  545			0.0000
 2611			0.0000
 3642			0.0000
  259			0.0000
 2343			0.0000
 1333			0.0000
 1293			0.0000
 3348			0.0000
 3379			0.0000
 2177			0.0000
 1200			0.0000
 3253			0.0000
  688			0.0000
 2739			0.0000
 3746			0.0000
 3737			0.0000
 1447			0.0000
 3510			0.0000
 3481			0.0000
  926			0.0000
 3002			0.0000
 1957			0.0000
  118			0.0000
 2146			0.0000
 2658			0.0000
 3682			0.0000
 3673			0.0000
  338			0.0000
  373			0.0000
  375			0.0000
 3930			0.0000
 1224			0.0000
 3308			0.0000
 3265			0.0000
 2554			0.0000
 1523			0.0000
 3534			0.0000
 3529			0.0000
   60			0.0000
   35			0.0000
 2100			0.0000
 2060			0.0000
 3109			0.0000
  558			0.0000
 2607			0.0000
 3594			0.0000
 3638			0.0000
 1292			0.0000
 1295			0.0000
  781			0.0000
 2853			0.0000
 1806			0.0000
 1843			0.0000
 3900			0.0000
 3881			0.0000
  141			0.0000
 1163			0.0000
  673			0.0000
  386			0.0000
  442			0.0000
 3489			0.0000
 2163			0.0000
 1143			0.0000
 3144			0.0000
 3190			0.0000
 3177			0.0000
 3696			0.0000
 3650			0.0000
 3649			0.0000
  326			0.0000
  337			0.0000
 1381			0.0000
 1383			0.0000
  862			0.0000
 2272			0.0000
 1266			0.0000
 3314			0.0000
  747			0.0000
 2535			0.0000
 3015			0.0000
 3106			0.0000
 3087			0.0000
  563			0.0000
  273			0.0000
 2862			0.0000
 3208			0.0000
 3242			0.0000
 3249			0.0000
 3766			0.0000
 3491			0.0000
 1943			0.0000
 2115			0.0000
  590			0.0000
 1658			0.0000
 1393			0.0000
 2902			0.0000
 1217			0.0000
  736			0.0000
  716			0.0000
 1788			0.0000
 2012			0.0000
 2006			0.0000
 2565			0.0000
 3385			0.0000
 2217			0.0000
 1154			0.0000
 1213			0.0000
 1691			0.0000
  328			0.0000
 1902			0.0000
 3816			0.0000
 3542			0.0000
 1019			0.0000
  134			0.0000
 2706			0.0000
 2746			0.0000
 3976			0.0000
 1602			0.0000
 3704			0.0000
 2401			0.0000
 1511			0.0000
 1991			0.0000
 2104			0.0000
 3700			0.0000
  499			0.0000
 3556			0.0000
 2707			0.0000
  935			0.0000
  745			0.0000
  980			0.0000
 2826			0.0000
 2071			0.0000
 3403			0.0000
 3303			0.0000
 3100			0.0000
 2598			0.0000
 1837			0.0000
 2714			0.0000
 1091			0.0000
 3678			0.0000
 1357			0.0000
 1395			0.0000
 3393			0.0000
  866			0.0000
 2545			0.0000
  437			0.0000
 1122			0.0000
 1303			0.0000
 2209			0.0000
  226			0.0000
 1751			0.0000
 3568			0.0000
 2837			0.0000
 2193			0.0000
 1445			0.0000
   73			0.0000
  449			0.0000
 2186			0.0000
 2478			0.0000
 2678			0.0000
  735			0.0000
 2103			0.0000
 1061			0.0000
 2569			0.0000
 2587			0.0000
 1540			0.0000
 1563			0.0000
  265			0.0000
  279			0.0000
 1312			0.0000
 3330			0.0000
  769			0.0000
 2858			0.0000
 2838			0.0000
 1846			0.0000
 1181			0.0000
 3246			0.0000
  655			0.0000
 2745			0.0000
 1722			0.0000
 1683			0.0000
 3758			0.0000
 3735			0.0000
  414			0.0000
 1444			0.0000
 3490			0.0000
 3457			0.0000
  946			0.0000
  950			0.0000
 2954			0.0000
 1962			0.0000
 1961			0.0000
 4004			0.0000
 3969			0.0000
 2153			0.0000
 2131			0.0000
 1144			0.0000
 1108			0.0000
  612			0.0000
  350			0.0000
 2376			0.0000
 1360			0.0000
  839			0.0000
 2940			0.0000
 2899			0.0000
 1914			0.0000
 3906			0.0000
 2283			0.0000
 1271			0.0000
  737			0.0000
 2754			0.0000
 1738			0.0000
 2537			0.0000
 2517			0.0000
 2503			0.0000
 1497			0.0000
  970			0.0000
 1013			0.0000
 1011			0.0000
 3017			0.0000
 2025			0.0000
 1049			0.0000
 1075			0.0000
 3117			0.0000
 2600			0.0000
 2610			0.0000
 1572			0.0000
 3598			0.0000
 3637			0.0000
  277			0.0000
 2356			0.0000
 2318			0.0000
 1343			0.0000
 3380			0.0000
 3366			0.0000
  807			0.0000
  799			0.0000
 1805			0.0000
 3858			0.0000
  174			0.0000
 2239			0.0000
 1185			0.0000
 2704			0.0000
 2728			0.0000
 2723			0.0000
 1705			0.0000
 3730			0.0000
 3741			0.0000
  393			0.0000
 3482			0.0000
  912			0.0000
  952			0.0000
  957			0.0000
  955			0.0000
 3990			0.0000
 2165			0.0000
 1097			0.0000
 1149			0.0000
 1123			0.0000
 2685			0.0000
 2659			0.0000
 2667			0.0000
 1657			0.0000
 1607			0.0000
 1647			0.0000
  369			0.0000
 2390			0.0000
 2413			0.0000
 1385			0.0000
  874			0.0000
  867			0.0000
 2884			0.0000
 2923			0.0000
  225			0.0000
  243			0.0000
 2285			0.0000
 1278			0.0000
 3306			0.0000
 3301			0.0000
  719			0.0000
 2790			0.0000
 2806			0.0000
 2767			0.0000
 1784			0.0000
 2516			0.0000
 2548			0.0000
 2509			0.0000
 1492			0.0000
 1489			0.0000
 1513			0.0000
 3570			0.0000
  966			0.0000
 1005			0.0000
 2010			0.0000
 4041			0.0000
 1059			0.0000
 3103			0.0000
  556			0.0000
 2615			0.0000
 2575			0.0000
 1578			0.0000
 1579			0.0000
 1599			0.0000
 3634			0.0000
  290			0.0000
 1332			0.0000
 1283			0.0000
 3345			0.0000
 2852			0.0000
 2836			0.0000
 1854			0.0000
 1825			0.0000
 1813			0.0000
 1803			0.0000
 3840			0.0000
 3262			0.0000
  391			0.0000
 2440			0.0000
 1459			0.0000
  928			0.0000
 1949			0.0000
 1939			0.0000
 4002			0.0000
 4018			0.0000
 3985			0.0000
  105			0.0000
 2117			0.0000
 2635			0.0000
 1623			0.0000
  321			0.0000
  345			0.0000
  383			0.0000
 2404			0.0000
 1401			0.0000
  869			0.0000
  863			0.0000
 2883			0.0000
 1886			0.0000
 3948			0.0000
 3310			0.0000
 3269			0.0000
 2787			0.0000
 1777			0.0000
 1781			0.0000
 3789			0.0000
 1485			0.0000
 3544			0.0000
 3064			0.0000
 2055			0.0000
 1081			0.0000
 1037			0.0000
 3078			0.0000
 3086			0.0000
 3099			0.0000
  570			0.0000
 2623			0.0000
  269			0.0000
 2350			0.0000
 2319			0.0000
 1811			0.0000
  177			0.0000
  131			0.0000
 2187			0.0000
 1197			0.0000
 1187			0.0000
 3237			0.0000
  699			0.0000
 1719			0.0000
 3749			0.0000
  422			0.0000
 2475			0.0000
 2439			0.0000
 3466			0.0000
  941			0.0000
 2994			0.0000
 1925			0.0000
 4020			0.0000
  117			0.0000
 1147			0.0000
 3176			0.0000
 3188			0.0000
 3181			0.0000
 2666			0.0000
 1611			0.0000
  365			0.0000
 2409			0.0000
  856			0.0000
 2918			0.0000
 1905			0.0000
 1885			0.0000
 2257			0.0000
 2259			0.0000
  726			0.0000
  758			0.0000
  705			0.0000
  761			0.0000
 2775			0.0000
  490			0.0000
 2501			0.0000
 1480			0.0000
 1500			0.0000
 3058			0.0000
 4035			0.0000
   54			0.0000
 2068			0.0000
 2593			0.0000
 3646			0.0000
  310			0.0000
 2339			0.0000
 1315			0.0000
 3390			0.0000
 3347			0.0000
 3869			0.0000
  142			0.0000
 1208			0.0000
 1177			0.0000
 3255			0.0000
  697			0.0000
 2697			0.0000
 2715			0.0000
 1673			0.0000
 1671			0.0000
 3720			0.0000
 3772			0.0000
 2432			0.0000
 2441			0.0000
 1977			0.0000
  106			0.0000
 2136			0.0000
 3136			0.0000
 3172			0.0000
 3165			0.0000
 1643			0.0000
 3685			0.0000
 3661			0.0000
  351			0.0000
 3408			0.0000
 3448			0.0000
  885			0.0000
 1251			0.0000
 1227			0.0000
 3285			0.0000
 2777			0.0000
 1757			0.0000
 3804			0.0000
 2547			0.0000
 3093			0.0000
 3602			0.0000
 1300			0.0000
 1289			0.0000
 3369			0.0000
  826			0.0000
  805			0.0000
 2178			0.0000
 2211			0.0000
 1201			0.0000
  700			0.0000
 2729			0.0000
 1698			0.0000
 1437			0.0000
  924			0.0000
  909			0.0000
 3993			0.0000
 2121			0.0000
 1115			0.0000
  581			0.0000
  599			0.0000
 2672			0.0000
 2425			0.0000
 2389			0.0000
 3418			0.0000
  878			0.0000
  835			0.0000
 2930			0.0000
 1245			0.0000
 1728			0.0000
 3800			0.0000
 1524			0.0000
 3532			0.0000
 1286			0.0000
 3876			0.0000
 2215			0.0000
 1695			0.0000
  938			0.0000
 2175			0.0000
 1119			0.0000
 2392			0.0000
 1356			0.0000
  880			0.0000
 1877			0.0000
 3820			0.0000
  999			0.0000
 4056			0.0000
 2082			0.0000
 3128			0.0000
 3108			0.0000
  555			0.0000
 1585			0.0000
 1559			0.0000
 1827			0.0000
  153			0.0000
  389			0.0000
 2471			0.0000
 1454			0.0000
 3475			0.0000
 2973			0.0000
 3143			0.0000
 2681			0.0000
 1653			0.0000
 3693			0.0000
 2414			0.0000
 1265			0.0000
 2793			0.0000
 2542			0.0000
 3537			0.0000
 1998			0.0000
 2053			0.0000
 3362			0.0000
  824			0.0000
  413			0.0000
  953			0.0000
  123			0.0000
 2663			0.0000
 2387			0.0000
 1747			0.0000
 4042			0.0000
   46			0.0000
 2098			0.0000
 1068			0.0000
 1058			0.0000
 3130			0.0000
  525			0.0000
  535			0.0000
 2608			0.0000
 3597			0.0000
  263			0.0000
 2355			0.0000
 2874			0.0000
 1835			0.0000
 3865			0.0000
 2237			0.0000
 3232			0.0000
 2744			0.0000
 2726			0.0000
 1713			0.0000
 1699			0.0000
 2481			0.0000
 1450			0.0000
 1470			0.0000
 1449			0.0000
  954			0.0000
  905			0.0000
  927			0.0000
 1953			0.0000
   87			0.0000
  637			0.0000
 1648			0.0000
 1662			0.0000
 1633			0.0000
 3674			0.0000
 2382			0.0000
 2399			0.0000
 2936			0.0000
 2925			0.0000
 1869			0.0000
  222			0.0000
 2286			0.0000
 2261			0.0000
 3272			0.0000
 3278			0.0000
 2768			0.0000
 2770			0.0000
 1735			0.0000
 3782			0.0000
  480			0.0000
  474			0.0000
 2532			0.0000
 2510			0.0000
 1484			0.0000
 3011			0.0000
 2021			0.0000
 4050			0.0000
 4038			0.0000
 1087			0.0000
 3605			0.0000
  309			0.0000
 2348			0.0000
 3358			0.0000
  796			0.0000
 2868			0.0000
 2867			0.0000
 3884			0.0000
 3866			0.0000
  183			0.0000
 3212			0.0000
 3217			0.0000
  694			0.0000
 1681			0.0000
 3756			0.0000
 3742			0.0000
 3717			0.0000
  433			0.0000
  405			0.0000
  395			0.0000
 2480			0.0000
 2490			0.0000
 2438			0.0000
 2457			0.0000
 2455			0.0000
 1414			0.0000
 1429			0.0000
 1443			0.0000
  936			0.0000
  916			0.0000
  914			0.0000
 2978			0.0000
 2965			0.0000
 1958			0.0000
 1945			0.0000
 3972			0.0000
 3996			0.0000
 2119			0.0000
 1092			0.0000
 1146			0.0000
 1093			0.0000
 3183			0.0000
 1608			0.0000
 3680			0.0000
 2400			0.0000
 2408			0.0000
 2426			0.0000
 1402			0.0000
 3395			0.0000
 2916			0.0000
 2898			0.0000
 1900			0.0000
 1878			0.0000
 3952			0.0000
  230			0.0000
 1252			0.0000
 1244			0.0000
 1269			0.0000
 1263			0.0000
 2802			0.0000
 1769			0.0000
 3810			0.0000
 2019			0.0000
 4048			0.0000
 4033			0.0000
 2058			0.0000
 3114			0.0000
 3134			0.0000
 3133			0.0000
  553			0.0000
 2586			0.0000
 2574			0.0000
 2581			0.0000
 2613			0.0000
 1575			0.0000
 1551			0.0000
  281			0.0000
  301			0.0000
  295			0.0000
 2337			0.0000
 2347			0.0000
 1340			0.0000
 1291			0.0000
 3376			0.0000
 3384			0.0000
  779			0.0000
 2841			0.0000
 2877			0.0000
 2859			0.0000
 1792			0.0000
 3892			0.0000
 3857			0.0000
  143			0.0000
 2196			0.0000
 2205			0.0000
 1166			0.0000
 1211			0.0000
 1167			0.0000
 2734			0.0000
 2737			0.0000
 1706			0.0000
  418			0.0000
  415			0.0000
  447			0.0000
 2484			0.0000
 2446			0.0000
  939			0.0000
 2948			0.0000
 2949			0.0000
  109			0.0000
   91			0.0000
  119			0.0000
 1148			0.0000
 1141			0.0000
 3147			0.0000
  588			0.0000
  631			0.0000
 2654			0.0000
 2647			0.0000
 1620			0.0000
 1621			0.0000
 1661			0.0000
 1631			0.0000
 2416			0.0000
 2420			0.0000
 2369			0.0000
 2403			0.0000
 2411			0.0000
 1404			0.0000
  876			0.0000
 2880			0.0000
 1876			0.0000
 1859			0.0000
 3940			0.0000
 3932			0.0000
 3938			0.0000
 3905			0.0000
  245			0.0000
 2302			0.0000
 1256			0.0000
 1253			0.0000
 3296			0.0000
 3290			0.0000
 3267			0.0000
  748			0.0000
  749			0.0000
 2781			0.0000
  450			0.0000
 1509			0.0000
 3530			0.0000
 1000			0.0000
 3032			0.0000
 2022			0.0000
 2069			0.0000
 1082			0.0000
 3098			0.0000
 3110			0.0000
 2603			0.0000
 1584			0.0000
 1549			0.0000
 1591			0.0000
 3610			0.0000
 3621			0.0000
 2333			0.0000
 1288			0.0000
 1297			0.0000
 1337			0.0000
 1339			0.0000
 3355			0.0000
  810			0.0000
  794			0.0000
  789			0.0000
 2854			0.0000
 2869			0.0000
 2851			0.0000
  180			0.0000
  166			0.0000
  163			0.0000
 2218			0.0000
 2179			0.0000
 1204			0.0000
 1157			0.0000
 3223			0.0000
  683			0.0000
  667			0.0000
 2749			0.0000
 1718			0.0000
  402			0.0000
 2469			0.0000
 2459			0.0000
 1416			0.0000
 1462			0.0000
 1422			0.0000
 2993			0.0000
 2981			0.0000
 1970			0.0000
 3989			0.0000
 2172			0.0000
 1124			0.0000
 3141			0.0000
  611			0.0000
 2677			0.0000
 1622			0.0000
 1613			0.0000
  360			0.0000
 2368			0.0000
 1380			0.0000
 1351			0.0000
 3401			0.0000
  864			0.0000
  859			0.0000
 2896			0.0000
 2932			0.0000
 2892			0.0000
 2937			0.0000
 1861			0.0000
 3922			0.0000
  246			0.0000
  213			0.0000
 2260			0.0000
 1225			0.0000
 3316			0.0000
  708			0.0000
  756			0.0000
 2800			0.0000
 2772			0.0000
 2786			0.0000
 2774			0.0000
 2769			0.0000
 1744			0.0000
 1730			0.0000
 1745			0.0000
 3814			0.0000
 3777			0.0000
  462			0.0000
 2536			0.0000
 2507			0.0000
 1490			0.0000
 1521			0.0000
 1481			0.0000
 1483			0.0000
 3558			0.0000
  985			0.0000
  983			0.0000
 3042			0.0000
 3026			0.0000
 3030			0.0000
 2002			0.0000
 2009			0.0000
 1987			0.0000
    7			0.0000
 2099			0.0000
 1074			0.0000
 1035			0.0000
 1083			0.0000
 1063			0.0000
 3112			0.0000
  551			0.0000
 1541			0.0000
 3626			0.0000
 3622			0.0000
 3613			0.0000
  319			0.0000
 2326			0.0000
 1296			0.0000
 1331			0.0000
  816			0.0000
 2817			0.0000
 2202			0.0000
 1704			0.0000
 2442			0.0000
 1418			0.0000
  949			0.0000
 1932			0.0000
 1964			0.0000
 4008			0.0000
 2148			0.0000
 2154			0.0000
 1109			0.0000
  638			0.0000
 2656			0.0000
 2398			0.0000
 2393			0.0000
 1364			0.0000
 3416			0.0000
 3404			0.0000
  853			0.0000
 1858			0.0000
 3318			0.0000
  718			0.0000
 2782			0.0000
 1508			0.0000
 1477			0.0000
 1475			0.0000
 1017			0.0000
  975			0.0000
 3028			0.0000
   53			0.0000
 2091			0.0000
 1085			0.0000
 1067			0.0000
 3101			0.0000
  542			0.0000
 2618			0.0000
 3609			0.0000
 2364			0.0000
 2306			0.0000
 1329			0.0000
 1321			0.0000
 1323			0.0000
 3336			0.0000
  803			0.0000
 1794			0.0000
 3897			0.0000
  187			0.0000
  135			0.0000
  191			0.0000
 2190			0.0000
 2181			0.0000
 1170			0.0000
 3204			0.0000
 3228			0.0000
 3260			0.0000
 3229			0.0000
  678			0.0000
  665			0.0000
 2720			0.0000
 1690			0.0000
 1710			0.0000
 3768			0.0000
 1442			0.0000
 3472			0.0000
 3464			0.0000
  944			0.0000
  899			0.0000
 2972			0.0000
 2982			0.0000
  102			0.0000
   67			0.0000
 2134			0.0000
 2141			0.0000
 3149			0.0000
  606			0.0000
 2634			0.0000
 2650			0.0000
 2627			0.0000
 3664			0.0000
 3684			0.0000
 3690			0.0000
  370			0.0000
  366			0.0000
 2396			0.0000
 2374			0.0000
 2373			0.0000
 1390			0.0000
 3394			0.0000
  888			0.0000
  882			0.0000
  833			0.0000
  851			0.0000
 2900			0.0000
 1908			0.0000
 1862			0.0000
  214			0.0000
 2293			0.0000
 2269			0.0000
 1231			0.0000
 3292			0.0000
  732			0.0000
  721			0.0000
  727			0.0000
 2776			0.0000
 2798			0.0000
 2755			0.0000
 2791			0.0000
 1753			0.0000
 3780			0.0000
  486			0.0000
  481			0.0000
 1520			0.0000
 1522			0.0000
  968			0.0000
 1010			0.0000
 3044			0.0000
 3060			0.0000
 3049			0.0000
 4072			0.0000
 4068			0.0000
 4052			0.0000
 2059			0.0000
  564			0.0000
  519			0.0000
 1594			0.0000
 1561			0.0000
 3630			0.0000
 3645			0.0000
  317			0.0000
 2366			0.0000
 3378			0.0000
  808			0.0000
  828			0.0000
  801			0.0000
 2850			0.0000
 2878			0.0000
 2212			0.0000
 2220			0.0000
 2189			0.0000
 2231			0.0000
 2191			0.0000
 2223			0.0000
 3210			0.0000
  684			0.0000
  687			0.0000
  703			0.0000
 2694			0.0000
 1688			0.0000
 1409			0.0000
 1435			0.0000
  901			0.0000
 1942			0.0000
 3178			0.0000
 3175			0.0000
  583			0.0000
 2631			0.0000
 3677			0.0000
  322			0.0000
  381			0.0000
  379			0.0000
 2405			0.0000
 2922			0.0000
 2938			0.0000
 2897			0.0000
 1906			0.0000
 1901			0.0000
 3960			0.0000
 3914			0.0000
 3945			0.0000
 2282			0.0000
 1226			0.0000
 1249			0.0000
  497			0.0000
  463			0.0000
 2534			0.0000
 2515			0.0000
 1496			0.0000
  963			0.0000
 3036			0.0000
 2008			0.0000
   11			0.0000
 2061			0.0000
 2107			0.0000
 1051			0.0000
 1071			0.0000
 2584			0.0000
 2614			0.0000
  271			0.0000
 2332			0.0000
 2334			0.0000
 2353			0.0000
 2323			0.0000
 2315			0.0000
 3340			0.0000
  792			0.0000
 2861			0.0000
 1844			0.0000
 1830			0.0000
 3873			0.0000
 3849			0.0000
  190			0.0000
  159			0.0000
 2210			0.0000
  676			0.0000
  657			0.0000
 2713			0.0000
 3724			0.0000
  425			0.0000
 2468			0.0000
 2485			0.0000
 1419			0.0000
 3458			0.0000
  932			0.0000
 3004			0.0000
 1974			0.0000
 1973			0.0000
  101			0.0000
   85			0.0000
 3162			0.0000
  620			0.0000
  604			0.0000
  625			0.0000
  587			0.0000
  363			0.0000
 2380			0.0000
 2385			0.0000
 3434			0.0000
 3438			0.0000
  846			0.0000
  881			0.0000
 2885			0.0000
 1892			0.0000
 1913			0.0000
 1899			0.0000
 3944			0.0000
  219			0.0000
 2252			0.0000
 2290			0.0000
 2266			0.0000
 1236			0.0000
  724			0.0000
 2762			0.0000
  503			0.0000
 2518			0.0000
 1009			0.0000
 3022			0.0000
 2026			0.0000
 1079			0.0000
 3119			0.0000
 2617			0.0000
 1557			0.0000
 3616			0.0000
 3588			0.0000
  313			0.0000
 2336			0.0000
 1318			0.0000
 1327			0.0000
 3360			0.0000
 3356			0.0000
 3353			0.0000
  827			0.0000
 1823			0.0000
 3898			0.0000
  182			0.0000
 2238			0.0000
 2201			0.0000
 2213			0.0000
 1210			0.0000
 1215			0.0000
 2750			0.0000
 2689			0.0000
 2741			0.0000
 1668			0.0000
 1725			0.0000
 3750			0.0000
  394			0.0000
  401			0.0000
  423			0.0000
  399			0.0000
  431			0.0000
 2433			0.0000
 1417			0.0000
 1461			0.0000
 3473			0.0000
 2976			0.0000
 1941			0.0000
 4024			0.0000
   99			0.0000
 2174			0.0000
 2173			0.0000
 2139			0.0000
 2151			0.0000
 1129			0.0000
 1632			0.0000
 1624			0.0000
 1656			0.0000
 1646			0.0000
 3689			0.0000
  353			0.0000
 2386			0.0000
 1363			0.0000
  891			0.0000
 2882			0.0000
 2914			0.0000
 1857			0.0000
 3917			0.0000
  223			0.0000
 2273			0.0000
 2277			0.0000
 2279			0.0000
 1246			0.0000
 3280			0.0000
 1731			0.0000
 3828			0.0000
  495			0.0000
 1495			0.0000
 3520			0.0000
 3560			0.0000
  973			0.0000
 3025			0.0000
 3057			0.0000
 3021			0.0000
 2076			0.0000
 1060			0.0000
  561			0.0000
 1569			0.0000
  303			0.0000
 2358			0.0000
 2351			0.0000
 2335			0.0000
 1313			0.0000
 2834			0.0000
 1822			0.0000
 3860			0.0000
 3868			0.0000
 3890			0.0000
  178			0.0000
 2224			0.0000
 3248			0.0000
 3236			0.0000
 3733			0.0000
 2494			0.0000
 2467			0.0000
 1441			0.0000
 1431			0.0000
 3498			0.0000
 2964			0.0000
 1921			0.0000
 1923			0.0000
   89			0.0000
 2155			0.0000
 1128			0.0000
 1116			0.0000
 1125			0.0000
 3168			0.0000
 3151			0.0000
  585			0.0000
  615			0.0000
 2644			0.0000
 1634			0.0000
 3686			0.0000
 3653			0.0000
  346			0.0000
  378			0.0000
  334			0.0000
  377			0.0000
  371			0.0000
  343			0.0000
 2422			0.0000
 2379			0.0000
 3398			0.0000
  842			0.0000
 2886			0.0000
 3936			0.0000
 2292			0.0000
 1216			0.0000
 1229			0.0000
  710			0.0000
 2752			0.0000
 1762			0.0000
 1754			0.0000
 1782			0.0000
 3781			0.0000
  458			0.0000
 2499			0.0000
  976			0.0000
  964			0.0000
  996			0.0000
  979			0.0000
 2034			0.0000
 1993			0.0000
 1997			0.0000
 4040			0.0000
