VALUES		COUNTS

0000000000000000	376
0000100000000100	158
1111111111111111	127
0000010000001000	96
0000000000100000	78
0000000100100000	66
0000000100000000	57
0000100000000000	50
0000010000000000	49
1100000000000000	47
0001000000000000	46
0000001000000000	45
0000000000000100	43
0000110000001100	43
0000000000010000	41
0000100000100100	40
1111101111110111	40
1111111011111111	39
1111111111101111	38
0000000000001000	34
1111111011011111	34
1000000000000000	31
1111011111111111	29
0100000000000000	28
0000000010000000	27
0111111111111111	27
0000100100000100	26
0000001111110000	26
0011111111111111	26
0000010000101000	25
1111100000000111	24
0000001000010000	24
1111011111111011	23
1100100000000100	22
1111111111110111	22
1111111110111111	22
0000000000000001	21
0000100100100100	21
1111110111101111	20
1111110111111111	20
1111110000001111	19
0000010100001000	19
1101111111111111	19
1111111111011111	19
0000110000000100	18
1110111111111111	18
1111111111111110	18
1111111111111011	18
1111111101111111	18
0000000001000000	17
0010000000000000	17
0000100000001100	17
0001100000000100	17
0011111011111111	17
1111001111110011	17
1111111011001111	16
0000000101000000	16
1111111100111111	16
0000101000000100	15
1111101011010111	15
0000010100101000	15
1111101111100111	15
0000000001100000	14
0001010000001000	14
0000101000010100	14
0000100100100000	14
0000100010000100	13
0000001011110000	13
1111101011110111	13
0011111011011111	13
1111111010011111	13
0000100000010100	12
1111111011111110	12
0001000100100000	12
0000000000000010	11
1111000000000011	11
0000100001000100	11
1111011011111111	11
0000000111100000	11
0000110100101100	11
0000001100110000	11
1111001111110111	11
0000000011000000	10
0000000000101000	10
0100000000100000	10
1100000000100000	10
0010000000000001	10
0000100000000101	10
1100100000000000	10
0010100000000100	10
1110111011011111	10
0111111011111111	10
1111111011101111	10
1111111001011111	10
1111110111011111	10
1111101111111111	10
0111011111111011	10
1111111111111101	10
0000000011100000	9
1111000000000111	9
1000100000000100	9
0010100000000101	9
0000010000001100	9
1100010000001000	9
0001010000000000	9
0000011000001000	9
1011111011011111	9
1011111011111111	9
1111111000011111	9
0000000111110000	9
0000010100100000	9
1000000000100000	8
0010000000100000	8
0001000000000010	8
1111010000001111	8
0011110000001111	8
0000001011010000	8
1111101000010111	8
0000011000000000	8
1111011011101011	8
1111011011011111	8
1110111011111111	8
0111111011011111	8
0000100100000000	8
1110110111111111	8
1101110111101111	8
1111110111001111	8
0000001111100000	8
1110101111110111	8
0011101111110111	8
1111101100110111	8
0000011111111000	8
1011011111111011	8
1101111111101111	8
1011111111111111	8
1100000000000100	7
0001000000100000	7
0001000000010000	7
0000100000100000	7
0100100000000100	7
0000010010001000	7
0000110000001000	7
0000001000110000	7
1111011011111011	7
1111111011111101	7
1111111011110111	7
0000000110100000	7
0000000101100000	7
0000100111100100	7
1111110111100111	7
0000101111110100	7
1011101111110111	7
1111011111101111	7
0111111110111111	7
0000000010000100	6
1110000000000001	6
0000100001000000	6
0000100000001000	6
0000100001100100	6
1110100000000100	6
1110100000000111	6
0001100000000000	6
0001100000000110	6
0000010001001000	6
0000110000101100	6
1111110011011111	6
1111001011010011	6
0000101000110100	6
0011101011010111	6
1111101011100111	6
1101111011011111	6
0000000100000100	6
0100000100000000	6
1100000100000000	6
1111100111100111	6
1111100111110111	6
1011110111101111	6
0111110111101111	6
1111110111110111	6
0000001110110000	6
1111001111111111	6
0000101111100100	6
0111101111110111	6
1111101111110101	6
1011011111111111	6
1111011111101011	6
1111011111011011	6
0001111111111111	6
0011111111111110	6
0011111111101111	6
0011111111011111	6
0111111111101111	6
0111111111011111	6
0000000010100000	5
0000000011010000	5
0000000000011000	5
0000000000100100	5
0000000000100001	5
0001000000000100	5
0011000000000000	5
0001100001000100	5
0011100000000111	5
0111100000000111	5
0000010000100000	5
1000010000001000	5
0100010000001000	5
1110010000001001	5
0000110010001100	5
1111110011001111	5
1111110011111111	5
1111001011010111	5
1101101011110111	5
0011101011110111	5
1111101011000111	5
1111011011011011	5
1010111011011111	5
0001111011111111	5
1101111011111111	5
1111111011011110	5
1111111011011101	5
1111111011111011	5
1111111000001111	5
0000000110000000	5
0000000100110000	5
0000000100001000	5
0000000100100100	5
1000000100100000	5
0000100100101100	5
1111100111101111	5
0000010101101000	5
0000110100001100	5
0111110111111111	5
0000001100000000	5
0000001100100000	5
0000001111111000	5
1111001111100011	5
0011101111100111	5
0111101111100111	5
1111101111010111	5
1111101111011111	5
0000011111101000	5
1110011111111111	5
0011011111111111	5
0111011111111111	5
1111011111100011	5
1111011101111011	5
1110111111101111	5
1110111111011111	5
1110111101111111	5
0101111111111111	5
0011111111111011	5
1011111111110111	5
1011111101111111	5
0111111111111101	5
0111111111111011	5
1111111110111110	5
1111111101111011	5
1111111111100111	5
1111111111001111	5
0000000000110000	4
0000000000010100	4
0000000010000001	4
0000000000000101	4
1100000000010000	4
0000100000010000	4
0000100000110000	4
0000100000000010	4
1000100000000000	4
1100100000100100	4
0010100000000000	4
1011100000000111	4
0000010000010000	4
0000010011001000	4
0000010000011000	4
0000010000001010	4
1100010000000000	4
0010010000001000	4
0001010000000010	4
1111010011111011	4
0000110000000000	4
0000110000100100	4
0000110001001100	4
1100110000001000	4
1110110000001101	4
1110110000001111	4
0011110011111111	4
0111110000001111	4
1111110000000111	4
1111110011000111	4
1111110010001111	4
1111110001101111	4
1111110011101111	4
0000001011000000	4
0000001000100000	4
0000001000011000	4
1000001000010000	4
0001001000000000	4
1111001011110011	4
0000101000000000	4
0000101000010000	4
0000101011010100	4
1110101011010111	4
1110101011110111	4
0001101000000100	4
1111101010010111	4
1111101001110111	4
1111101011011111	4
0000011011111000	4
0011011011010011	4
0000111000000100	4
0000111000001100	4
0000111000011100	4
1101111011101111	4
1011111011101111	4
1111111011010111	4
0000000100000001	4
0000000101000001	4
0100000100100000	4
1100000100100000	4
0001000100000000	4
0001000101100000	4
1111000111110011	4
0000100101000100	4
1111100111010111	4
0000010101001000	4
0000010100101100	4
1100010100001000	4
1111010111111011	4
0000110101001100	4
0000110111101100	4
0011110111101111	4
1111110111101101	4
1111110110101111	4
1111110101101111	4
1111110101111111	4
0000001101110000	4
1100001111110000	4
0001001111110010	4
0011001111110011	4
0111001111110011	4
0111001111110111	4
1111001111111011	4
0000101100110100	4
1111101111100011	4
1111101110111111	4
0000011111110000	4
1101011111111111	4
1111011110111011	4
1111011111100111	4
1111011111011111	4
0000111100111100	4
1100111111111111	4
0010111111111111	4
0110111111111101	4
1110111111110111	4
0001111111111110	4
1101111110111111	4
0011111111110111	4
0011111110111111	4
1011111111111101	4
1011111111100111	4
1011111111101111	4
0111111111110111	4
1111111111101110	4
1111111111011110	4
1111111111101101	4
1111111101101111	4
0000000011000001	3
0100000001100000	3
0100000000000100	3
1100000001000000	3
1100000011000000	3
1100000001100000	3
1100000000000001	3
0010000001000000	3
0010000000000100	3
0010000001000001	3
0010000000001001	3
1010000000000000	3
0110000000000000	3
1110000000000000	3
0001000001000000	3
0001000011000000	3
0001000001000010	3
0001000000000110	3
0001000000000001	3
0101000000000000	3
0101000000000010	3
1111000011100011	3
0000100011000100	3
0000100010100100	3
0000100011100100	3
0000100000000110	3
0100100000000000	3
1100100000100000	3
0010100000100101	3
0110100000000111	3
1110100000000001	3
0001100000100100	3
0111100011110111	3
1111100000000101	3
1111100000000011	3
1111100011000111	3
1111100011010111	3
0000010001101000	3
0000010011011000	3
0000010000101100	3
0000010000001001	3
0100010000000000	3
1100010000001001	3
0010010000000001	3
0010010000001001	3
0001010000100000	3
0001010000001100	3
0011010000001111	3
0000110000101000	3
0000110000011100	3
0000110000001110	3
1000110000000100	3
0100110000000100	3
1100110000101100	3
0001110000001100	3
0011110011101111	3
1011110000001111	3
1011110000101111	3
1111110011111110	3
1111110011010111	3
1111110000101111	3
1111110010011111	3
0000001011100000	3
0000001001010000	3
0000001000010100	3
0000001000010001	3
1100001000000000	3
0010001000000000	3
0011001000000000	3
1111001011110111	3
0000101000100000	3
0000101011010000	3
0000101001000100	3
0000101000000101	3
0010101000000100	3
0001101000010100	3
1011101011010111	3
1011101011011111	3
0111101000010111	3
1111101011110110	3
1111101011110011	3
1111101000000111	3
1111101011111111	3
0000011000011000	3
0000011011011000	3
0001011000000000	3
1101011011011011	3
0011011011111011	3
0111011011011111	3
1111011010011111	3
1111011001111111	3
0000111000010100	3
0010111011111111	3
1101111011111110	3
1101111011001111	3
1101111001111111	3
0011111011101101	3
0011111000001111	3
0011111011001111	3
0011111010011111	3
0111111011001111	3
0111111011101111	3
1111111011101110	3
1111111001111110	3
1111111011001101	3
1111111011101011	3
1111111011011011	3
1111111011100111	3
1111111001010111	3
1111111010001111	3
1111111000111111	3
1111111001111111	3
0000000111000000	3
0000000100010000	3
0000000100101000	3
0000000111100100	3
0000000101000010	3
0000000100100010	3
1000000100000000	3
1000000111100000	3
0100000101000000	3
0010000100000001	3
0010000100100001	3
0011000111110011	3
1111000111100011	3
0010100100000100	3
1111100100000111	3
1111100100100111	3
0000010110101000	3
0010010100101000	3
0001010100001000	3
1101010111101111	3
0000110100101000	3
1101110111111111	3
0011110111001111	3
0011110100101111	3
1011110111111111	3
1111110100101111	3
1111110110111111	3
0000001100010000	3
0000001111110100	3
1000001111110000	3
0100001111110000	3
0010001111110001	3
1110001101110111	3
0011001111110111	3
1011001111110011	3
1111001111110010	3
1111001111111001	3
1111001100110011	3
1111001111100111	3
1111001111010111	3
0000101111110000	3
0000101111010100	3
0000101110110100	3
0000101111111100	3
1110101111110101	3
1101101111110111	3
1111101111110110	3
1111101111101011	3
1111101111101111	3
0000011100101000	3
1100011111111000	3
0011011111110011	3
0011011111111011	3
0011011111101111	3
1011011111101111	3
1011011110111111	3
0111011111011011	3
1111011101111010	3
1111011111111110	3
1111011101101011	3
1111011111110111	3
1111011100111111	3
0000111111111100	3
1010111111111111	3
1110111111101101	3
1110111111111101	3
1110111110111111	3
1101111111110111	3
1101111111001111	3
0011111111100111	3
1011111111011111	3
1011111100111111	3
1011111110111111	3
0111111111010111	3
1111111111110011	3
1111111111011011	3
1111111110111011	3
1111111110001111	3
1111111110101111	3
0000000001010000	2
0000000010110000	2
0000000001110000	2
0000000011000100	2
0000000000001100	2
0000000001000010	2
0000000000100010	2
0000000001100010	2
0000000000000110	2
0000000000010001	2
0000000000110001	2
0000000000001001	2
0000000000100101	2
1000000010000000	2
0100000000001000	2
0010000010000000	2
0010000000001000	2
0010000000000011	2
0110000000000001	2
1110000000000101	2
1110000011100011	2
1110000000000111	2
0001000010000000	2
0001000001100000	2
0001000000001000	2
1101000000000000	2
1101000000000011	2
0011000000001000	2
0011000000000010	2
0011000000100010	2
1011000000000011	2
1011000000000111	2
0111000000000011	2
0111000011100011	2
1111000000000001	2
1111000010000011	2
1111000000100011	2
1111000011010011	2
0000100010000000	2
0000100010100000	2
0000100000101100	2
0000100001101100	2
0000100000100010	2
0000100000100110	2
0000100000000001	2
0000100000010101	2
1000100000100100	2
0100100000100000	2
1100100010000100	2
1100100000000110	2
1100100000000101	2
0010100000100100	2
0110100000000101	2
1110100000000110	2
1110100000000101	2
1110100000000011	2
0001100010000100	2
0001100000001100	2
0001100000000001	2
0001100000000101	2
1001100000000100	2
1101100000000100	2
1101100000000111	2
0011100000000100	2
1011100011111111	2
1111100000000001	2
1111100010000111	2
1111100000010111	2
1111100000001111	2
1111100001001111	2
0000010001000000	2
0000010010101000	2
0000010000111000	2
0000010000100100	2
0000010000101010	2
0000010000000001	2
0000010000001011	2
1000010000000000	2
0100010000010000	2
1100010000101000	2
1100010000001100	2
0010010000000000	2
0010010010000000	2
0010010000101000	2
1010010000001000	2
1110010000001000	2
1110010000001111	2
0001010001001000	2
0001010000101000	2
0001010000001010	2
0011010011011011	2
0111010011101011	2
1111010000001110	2
1111010011111110	2
1111010000000011	2
1111010010001011	2
1111010011011111	2
0000110001000100	2
0000110010100100	2
0000110000010100	2
0000110011001100	2
0000110001011100	2
0000110000101110	2
0000110000001101	2
1000110000001100	2
1100110000000100	2
1100110000001100	2
1100110011001100	2
0010110000001100	2
0010110011101111	2
1110110000000111	2
0001110000001000	2
0001110000000100	2
1001110000001101	2
0101110011011111	2
1101110000001101	2
1101110000001011	2
1101110000001111	2
1101110001001111	2
0011110000001110	2
0011110000101111	2
0011110011011111	2
0111110000000111	2
0111110001101111	2
0111110000011111	2
0111110011011111	2
1111110011000011	2
1111110000001011	2
1111110011101011	2
0000001010000000	2
0000001010010000	2
0000001011011000	2
0000001000000100	2
0000001010100100	2
0000001011110100	2
0000001000000010	2
0000001011010010	2
0100001000010000	2
1100001000010000	2
1100001011110000	2
0010001011110000	2
0010001000010100	2
0010001000010001	2
0001001000110000	2
0001001000000010	2
0011001011110011	2
1011001011111011	2
0111001011010011	2
0111001011110011	2
1111001011011111	2
0000101011000000	2
0000101010000100	2
0000101001100100	2
0000101011110100	2
0000101000010110	2
1000101000000100	2
0100101000010100	2
1100101011110100	2
0010101000010100	2
1110101001100110	2
1110101011100111	2
1110101011011111	2
1101101011111111	2
0011101011110110	2
1011101011110111	2
0111101011110111	2
0111101010001111	2
0111101011011111	2
1111101011000110	2
1111101000010110	2
1111101011010101	2
1111101011110101	2
1111101011101101	2
1111101011000011	2
1111101010000111	2
1111101001100111	2
1111101011001111	2
1111101010011111	2
1111101000111111	2
0000011000010000	2
0000011000101000	2
0000011001011000	2
0000011000001100	2
1110011011111001	2
1110011010011011	2
0001011000001010	2
1101011000101011	2
1101011011011111	2
0011011011001011	2
0011011000011111	2
0011011011111111	2
1011011011011011	2
1011011011011111	2
0111011010011101	2
0111011011011011	2
0111011000001111	2
1111011011111110	2
1111011011111001	2
1111011011011101	2
1111011011001011	2
1111011010011011	2
1111011001011011	2
1111011010111011	2
1111011001101111	2
0000111000011000	2
1100111011011111	2
0010111011101111	2
1010111011111111	2
1110111010111101	2
1110111000010111	2
1110111011110111	2
1110111010001111	2
1110111001101111	2
1110111011101111	2
0001111011011110	2
0101111001111111	2
1101111011011011	2
1101111011100111	2
1101111011110111	2
1101111010011111	2
1101111001011111	2
0011111010110110	2
0011111011111101	2
0011111011011011	2
0011111011110111	2
0011111011101111	2
0011111001111111	2
1011111011011110	2
1011111011110111	2
1011111000111111	2
0111111011011110	2
0111111011111011	2
0111111001011111	2
1111111011011010	2
1111111011100110	2
1111111010011110	2
1111111011110101	2
1111111000011101	2
1111111010011101	2
1111111010100011	2
1111111010011011	2
1111111011000111	2
1111111000010111	2
1111111010010111	2
1111111010110111	2
1111111001001111	2
1111111010101111	2
1111111010111111	2
0000000101010000	2
0000000111010000	2
0000000110000100	2
0000000100100001	2
0000000100100011	2
1000000101000000	2
1000000101001000	2
1000000100101000	2
0100000100101000	2
1100000101000000	2
1100000100110000	2
1100000100000100	2
0010000100000000	2
0010000100100000	2
1010000100100000	2
0001000110100000	2
0001000111010000	2
0001000100000010	2
0001000100010010	2
0001000111010001	2
0011000111101011	2
1111000110100011	2
1111000100100111	2
1111000111110111	2
1111000111111111	2
0000100101000000	2
0000100111100000	2
0000100110100100	2
0000100101100100	2
0000100101010100	2
0000100100110100	2
0000100100001100	2
0000100100000110	2
0100100110100100	2
0010100101000100	2
0010100100100100	2
0110100111100111	2
1110100111110111	2
0001100111100100	2
1101100111100111	2
0011100100100111	2
0111100100100111	2
1111100111100101	2
1111100101100111	2
1111100100110111	2
1111100100101111	2
0000010100000000	2
0000010110001000	2
0000010111001000	2
0000010111101000	2
0000010111111000	2
0000010100001100	2
1000010100001000	2
1000010101011000	2
1100010100101000	2
1100010101111000	2
0010010100000000	2
0001010100100000	2
0001010101100000	2
0001010111100000	2
0001010100100010	2
1101010111101011	2
1101010111111111	2
1011010111101011	2
1111010111100011	2
1111010110101011	2
1111010111101011	2
1111010111101111	2
1111010111111111	2
0000110100000100	2
0000110100100100	2
0000110110001100	2
0000110101011100	2
0000110100111100	2
0000110110101110	2
1100110100101111	2
0010110100001100	2
0010110111111111	2
1110110111101100	2
1110110101101111	2
1110110111101111	2
0001110100101000	2
0001110111101010	2
0001110111111110	2
0001110111111111	2
1101110101101111	2
0011110111101101	2
0011110111100111	2
0011110111011111	2
0011110111111111	2
1011110111110111	2
1111110111101010	2
1111110111100110	2
1111110111110110	2
1111110110101110	2
1111110111101110	2
1111110111111101	2
1111110111101011	2
1111110101111011	2
1111110111111011	2
1111110111000111	2
1111110100110111	2
1111110110110111	2
1111110101110111	2
1111110100111111	2
0000001111000000	2
0000001111010000	2
0000001111101000	2
0000001111100100	2
0000001101110100	2
1000001111110010	2
0100001100100000	2
0010001110110100	2
1110001111110011	2
0001001100100000	2
0001001100110000	2
0001001111110000	2
1101001100000001	2
1101001110110111	2
0111001111101111	2
1111001111100110	2
1111001111111110	2
1111001110110011	2
1111001101110011	2
1111001110110111	2
1111001111101111	2
1111001110111111	2
0000101111000100	2
0000101100010100	2
0010101100110100	2
0010101111110111	2
1010101111110111	2
0110101111110111	2
1110101111111111	2
0001101110110111	2
0001101111111111	2
0101101111110111	2
1101101100111110	2
1101101110110011	2
1101101111110011	2
1101101111000111	2
1101101111100111	2
0011101111010111	2
0011101110110111	2
0011101111101111	2
0011101111111111	2
1011101111110011	2
1011101111011111	2
0111101100110111	2
0111101110110111	2
1111101111111000	2
1111101110010110	2
1111101110110110	2
1111101111101101	2
1111101111010011	2
1111101111110011	2
1111101111111011	2
1111101111000111	2
1111101101100111	2
1111101110010111	2
1111101110110111	2
1111101101110111	2
1111101101101111	2
1111101100111111	2
0000011111100000	2
0000011110110000	2
0000011100111000	2
0000011101111000	2
1100011100111000	2
1100011111111011	2
0010011100101000	2
0010011111111010	2
0010011111111111	2
0110011111111011	2
1110011110111011	2
1110011111111011	2
1110011111101111	2
1110011101111111	2
0001011111111100	2
1001011111111011	2
1101011111111010	2
1101011111111110	2
1101011111011011	2
0011011111111110	2
0011011111111101	2
0011011111011011	2
0011011110111011	2
0011011111011111	2
0011011110111111	2
0011011101111111	2
1011011111011011	2
0111011111100011	2
0111011111110111	2
0111011111011111	2
1111011110111110	2
1111011110111001	2
1111011111111001	2
1111011111110011	2
1111011110011011	2
1111011101111111	2
0000111100101100	2
0000111101111100	2
1100111111101000	2
0010111111101111	2
0110111111111111	2
1110111111111110	2
1110111111101011	2
1110111111100111	2
1110111100101111	2
1110111110011111	2
0001111111011110	2
1001111111111011	2
1001111111111111	2
0101111111111100	2
1101111111111110	2
1101111110111101	2
1101111110101111	2
1101111111011111	2
1101111100111111	2
0011111101110110	2
0011111110111110	2
0011111111011011	2
0011111111001111	2
0011111110101111	2
0011111101101111	2
0011111101011111	2
1011111111111110	2
1011111111101101	2
1011111111111011	2
0111111111111110	2
0111111101110111	2
0111111100111111	2
0111111101111111	2
1111111111111001	2
1111111111110101	2
1111111101111101	2
1111111111001011	2
1111111100111011	2
1111111110100111	2
1111111100110111	2
1111111110110111	2
1111111110011111	2
1111111101011111	2
0000000010010000	1
0000000011110000	1
0000000010001000	1
0000000001001000	1
0000000001101000	1
0000000010011000	1
0000000000111000	1
0000000001000100	1
0000000010100100	1
0000000001100100	1
0000000011100100	1
0000000001010100	1
0000000000110100	1
0000000010000010	1
0000000011000010	1
0000000010100010	1
0000000000010010	1
0000000010100001	1
0000000001100001	1
0000000001010001	1
0000000010001001	1
0000000000011001	1
0000000011000101	1
0000000000000011	1
0000000000010111	1
1000000001100000	1
1000000000010000	1
1000000010010000	1
1000000001010000	1
1000000001110000	1
1000000000001000	1
1000000001001000	1
1000000000000100	1
1000000010000100	1
1000000000100100	1
1000000000010100	1
1000000000100010	1
1000000011010001	1
0100000010000000	1
0100000001000000	1
0100000000010000	1
0100000001110000	1
0100000010001000	1
0100000011001000	1
0100000010000100	1
0100000001100100	1
0100000010010100	1
0100000000100010	1
0100000000000001	1
0100000011000001	1
1100000010000000	1
1100000010100000	1
1100000011100000	1
1100000010010000	1
1100000000001000	1
1100000011001000	1
1100000000011000	1
1100000000100100	1
1100000000000010	1
1100000010000010	1
1100000011110010	1
1100000011000110	1
1100000000100001	1
1100000000000101	1
1100000000010011	1
1100000011110111	1
0010000000010000	1
0010000000110000	1
0010000001001000	1
0010000000000010	1
0010000000100001	1
0010000001100001	1
0010000000010001	1
0010000010010001	1
0010000000000101	1
0010000011000101	1
0010000000100101	1
0010000010100011	1
0010000000000111	1
1010000011000000	1
1010000000000001	1
0110000001100000	1
0110000000001000	1
0110000000000011	1
1110000000001000	1
1110000001001000	1
1110000000000010	1
1110000001001010	1
1110000010000001	1
1110000001000001	1
1110000011000001	1
1110000000100001	1
1110000000001001	1
1110000000100011	1
1110000000110011	1
1110000011110011	1
1110000011100111	1
0001000011100000	1
0001000011010000	1
0001000000110000	1
0001000010001000	1
0001000000011000	1
0001000000100100	1
0001000010000010	1
0001000000100010	1
0001000000010010	1
0001000001010010	1
0001000000110010	1
0001000000001010	1
0001000000000101	1
0001000000000011	1
0001000000100011	1
1001000000000000	1
1001000000100000	1
1001000000010000	1
1001000000000100	1
1001000010000001	1
0101000000100000	1
0101000000100100	1
0101000010000001	1
1101000010000000	1
1101000000100000	1
1101000011010011	1
1101000011110011	1
1101000000001011	1
1101000000000111	1
0011000000100000	1
0011000000010000	1
0011000000101000	1
0011000011101100	1
0011000000000001	1
0011000010000001	1
0011000000110001	1
0011000000000101	1
0011000000000011	1
0011000010000011	1
0011000000100011	1
0011000011100011	1
0011000000001011	1
0011000000000111	1
0011000011111111	1
1011000000000000	1
1011000011101010	1
1011000000000001	1
1011000011110101	1
1011000011010011	1
1011000011000111	1
0111000000000000	1
0111000000000010	1
0111000000100010	1
0111000011000011	1
0111000010010011	1
0111000000000111	1
1111000000100010	1
1111000011010110	1
1111000000011110	1
1111000011110001	1
1111000000000101	1
1111000001000101	1
1111000001000011	1
1111000000010011	1
1111000000110011	1
1111000011110011	1
1111000000001011	1
1111000001100111	1
1111000000010111	1
1111000000001111	1
1111000000111111	1
0000100011000000	1
0000100001100000	1
0000100001010000	1
0000100010001000	1
0000100001001000	1
0000100000101000	1
0000100010010100	1
0000100001010100	1
0000100000110100	1
0000100011110100	1
0000100011001100	1
0000100010101100	1
0000100000111100	1
0000100000001010	1
0000100001011010	1
0000100010000110	1
0000100001000110	1
0000100001100110	1
0000100010000101	1
0000100000100101	1
0000100001100101	1
1000100001000000	1
1000100000100000	1
1000100011100100	1
0100100010000100	1
0100100011000100	1
0100100000100100	1
0100100011100100	1
0100100000010100	1
0100100001110100	1
0100100001001100	1
0100100000111100	1
0100100011000010	1
0100100000000110	1
0100100000110110	1
0100100000101101	1
1100100001000100	1
1100100011000100	1
1100100000010100	1
1100100001010100	1
1100100000110100	1
1100100010110100	1
1100100000001100	1
1100100011010110	1
1100100000011101	1
0010100000100000	1
0010100010100000	1
0010100000010000	1
0010100010000100	1
0010100001000100	1
0010100011000100	1
0010100011100100	1
0010100010000010	1
0010100001100110	1
0010100000000001	1
0010100010000101	1
0010100001000101	1
0010100010110101	1
0010100000000011	1
0010100000000111	1
1010100000000100	1
1010100000100100	1
1010100001100100	1
1010100000001100	1
1010100000100110	1
1010100000100011	1
0110100000000000	1
0110100011110100	1
0110100000000001	1
0110100000001101	1
0110100000101101	1
0110100000100111	1
0110100010100111	1
1110100000100100	1
1110100010010001	1
1110100000001001	1
1110100010000101	1
1110100000100101	1
1110100000001101	1
1110100000110011	1
1110100010000111	1
1110100001100111	1
1110100001101111	1
0001100010000000	1
0001100000100000	1
0001100011010100	1
0001100011001100	1
0001100000101100	1
0001100000000010	1
0001100001000010	1
0001100000001110	1
0001100000000111	1
0001100011100111	1
0001100000110111	1
1001100010100000	1
1001100010000100	1
1001100000010100	1
0101100000100100	1
0101100000000010	1
0101100000000110	1
1101100000000000	1
1101100001000000	1
1101100000100100	1
1101100011000110	1
1101100000111110	1
1101100011000101	1
1101100001000011	1
1101100010000111	1
1101100001000111	1
1101100011000111	1
1101100000100111	1
1101100011100111	1
1101100011010111	1
1101100001011111	1
0011100001000100	1
0011100000010100	1
0011100000000010	1
0011100000000110	1
0011100000100110	1
0011100010101110	1
0011100000000011	1
0011100001000011	1
0011100011000011	1
0011100010001011	1
0011100010000111	1
0011100001000111	1
0011100000100111	1
0011100011100111	1
0011100000001111	1
0011100011101111	1
1011100000000100	1
1011100011100110	1
1011100000000101	1
1011100000100111	1
1011100000110111	1
1011100000001111	1
1011100011101111	1
0111100000100001	1
0111100011000101	1
0111100000000011	1
0111100010100011	1
0111100000100111	1
0111100001100111	1
0111100011100111	1
0111100000010111	1
0111100010010111	1
0111100001010111	1
0111100011010111	1
0111100000110111	1
0111100001110111	1
0111100000001111	1
1111100000001000	1
1111100011101100	1
1111100011000010	1
1111100000000110	1
1111100001000110	1
1111100000010110	1
1111100011010110	1
1111100010110110	1
1111100011110110	1
1111100000001110	1
1111100011001110	1
1111100010001001	1
1111100011000101	1
1111100000100111	1
1111100010010111	1
1111100001010111	1
1111100000110111	1
1111100011011111	1
1111100011111111	1
0000010010000000	1
0000010010100000	1
0000010001100000	1
0000010011100000	1
0000010011010000	1
0000010010011000	1
0000010010111000	1
0000010001111000	1
0000010010000100	1
0000010000010100	1
0000010010001100	1
0000010001101100	1
0000010011101100	1
0000010010001010	1
0000010001001010	1
0000010000011010	1
0000010000001110	1
0000010011000001	1
0000010001101001	1
0000010000011001	1
1000010001000000	1
1000010000110000	1
1000010001001000	1
1000010011101000	1
1000010010011000	1
1000010000000010	1
0100010000101000	1
0100010000011000	1
0100010000000100	1
0100010000001100	1
0100010010000010	1
0100010000001101	1
1100010011101000	1
1100010000011000	1
1100010000111000	1
1100010011111000	1
1100010001101100	1
1100010000011100	1
1100010000001010	1
1100010011001010	1
1100010000000110	1
1100010011111001	1
0010010001101000	1
0010010000011000	1
0010010000000100	1
0010010000001100	1
0010010010001100	1
0010010000001010	1
0010010000101001	1
0010010000101111	1
1010010000100000	1
1010010000101100	1
1010010011010010	1
1010010000000101	1
1010010000001011	1
0110010000001000	1
0110010000111000	1
0110010000000001	1
1110010000000100	1
1110010011001001	1
1110010011111001	1
1110010000001101	1
1110010011001011	1
1110010011010111	1
1110010001101111	1
1110010011101111	1
0001010001000000	1
0001010010001000	1
0001010001101000	1
0001010000000100	1
0001010000010010	1
0001010000011010	1
0001010000000110	1
0001010000100110	1
0001010000001110	1
0001010001001111	1
1001010011001000	1
0101010000001000	1
0101010010001000	1
0101010000000100	1
0101010000001010	1
0101010000001001	1
0101010000000101	1
0101010000101111	1
1101010000000000	1
1101010000001000	1
1101010000101000	1
1101010000001010	1
1101010000001011	1
1101010001101011	1
1101010011111011	1
1101010011110111	1
1101010010001111	1
1101010000111111	1
0011010000100000	1
0011010000010000	1
0011010000000100	1
0011010001000010	1
0011010000000001	1
0011010001000001	1
0011010000001101	1
0011010011101101	1
0011010000100011	1
0011010011100011	1
0011010011010011	1
0011010000001011	1
0011010001101011	1
0011010010100111	1
0011010000101111	1
1011010011001110	1
1011010011100011	1
1011010000001111	1
0111010001011100	1
0111010000001010	1
0111010011001010	1
0111010001111010	1
0111010000000011	1
0111010000001011	1
0111010011001111	1
0111010001011111	1
1111010000100000	1
1111010000001000	1
1111010011001100	1
1111010011101100	1
1111010000001010	1
1111010010001110	1
1111010000001001	1
1111010000001011	1
1111010000101011	1
1111010010101011	1
1111010011101011	1
1111010010000111	1
1111010000010111	1
1111010011001111	1
1111010011101111	1
1111010001111111	1
0000110000100000	1
0000110000010000	1
0000110010001000	1
0000110001001000	1
0000110001101000	1
0000110010000100	1
0000110011000100	1
0000110001100100	1
0000110011100100	1
0000110011110100	1
0000110010101100	1
0000110010111100	1
0000110000001010	1
0000110000000110	1
0000110000100110	1
0000110010001110	1
0000110000001001	1
0000110000101001	1
0000110000000101	1
1000110000001000	1
1000110011101100	1
1000110000001101	1
1000110001001111	1
0100110000001000	1
0100110000101000	1
0100110000001100	1
0100110010001100	1
0100110011001100	1
0100110000101100	1
1100110000000000	1
1100110000101000	1
1100110000100100	1
1100110000001101	1
1100110000001111	1
0010110010000000	1
0010110001100000	1
0010110000101000	1
0010110000000100	1
0010110010000100	1
0010110010100100	1
0010110001001100	1
0010110000101100	1
0010110010101100	1
0010110010000101	1
0010110000001101	1
0010110011111101	1
0010110000010111	1
0010110001111111	1
1010110011011101	1
0110110011001000	1
0110110011001110	1
0110110000101101	1
0110110010000111	1
0110110000101111	1
0110110011101111	1
0110110011011111	1
0110110010111111	1
0110110011111111	1
1110110000011000	1
1110110000000100	1
1110110000001100	1
1110110010001100	1
1110110010011110	1
1110110000111110	1
1110110011011101	1
1110110000000011	1
1110110001100111	1
1110110011010111	1
1110110011001111	1
1110110000101111	1
1110110001101111	1
1110110011101111	1
1110110000011111	1
1110110011011111	1
1110110011111111	1
0001110010001000	1
0001110011101000	1
0001110000011000	1
0001110010001100	1
0001110001001100	1
0001110000101100	1
0001110000000010	1
0001110000001010	1
0001110000000110	1
0001110011000110	1
0001110000010110	1
0001110000001110	1
0001110011101110	1
0001110011100111	1
0001110000001111	1
0001110011101111	1
0001110011111111	1
1001110000000100	1
1001110000001100	1
1001110011011100	1
1001110000001110	1
1001110011111110	1
1001110000000101	1
1001110001100101	1
1001110000101011	1
1001110011100111	1
1001110011011111	1
0101110000001000	1
0101110000111100	1
0101110000001110	1
0101110010001101	1
0101110001000111	1
0101110011001111	1
1101110011010110	1
1101110000001110	1
1101110000101011	1
1101110000000111	1
1101110011001111	1
1101110000101111	1
1101110000011111	1
1101110001011111	1
1101110011011111	1
1101110011111111	1
0011110000001000	1
0011110001001000	1
0011110000001100	1
0011110011001110	1
0011110011011110	1
0011110000111110	1
0011110000001101	1
0011110001001101	1
0011110010101101	1
0011110011111101	1
0011110000101011	1
0011110011101011	1
0011110010000111	1
0011110011010111	1
0011110011110111	1
0011110010001111	1
0011110011001111	1
0011110001101111	1
0011110000011111	1
1011110011101101	1
1011110000001011	1
1011110010001111	1
1011110001001111	1
1011110001101111	1
1011110011111111	1
0111110011111100	1
0111110000001110	1
0111110010001110	1
0111110000111110	1
0111110000100101	1
0111110010001101	1
0111110001111101	1
0111110000001011	1
0111110011011011	1
0111110010000111	1
0111110010001111	1
0111110011001111	1
0111110011111111	1
1111110000100000	1
1111110000000110	1
1111110000010110	1
1111110010010110	1
1111110000001110	1
1111110000000101	1
1111110011110101	1
1111110000001101	1
1111110011001101	1
1111110001101101	1
1111110010011101	1
1111110011011101	1
1111110000000011	1
1111110011100011	1
1111110000101011	1
1111110011111011	1
1111110010100111	1
1111110011100111	1
1111110011110111	1
1111110001001111	1
1111110010101111	1
1111110000011111	1
1111110001111111	1
0000001001000000	1
0000001010100000	1
0000001001100000	1
0000001010110000	1
0000001001110000	1
0000001000101000	1
0000001010011000	1
0000001011111000	1
0000001001100100	1
0000001011010100	1
0000001000110100	1
0000001000001100	1
0000001000011100	1
0000001011011100	1
0000001000010010	1
0000001011110010	1
0000001000001010	1
0000001010011010	1
0000001000000001	1
0000001011001001	1
0000001000110101	1
1000001000000000	1
1000001010010000	1
1000001001110000	1
1000001000000100	1
0100001000000000	1
0100001011010000	1
0100001011110000	1
0100001000001000	1
0100001000011000	1
0100001001000100	1
1100001000100000	1
1100001011010000	1
1100001000001000	1
1100001000011000	1
1100001011111111	1
0010001011101000	1
0010001011010101	1
0010001011010011	1
0010001000010111	1
1010001000110000	1
1010001000000001	1
0110001001000000	1
0110001011111010	1
0110001011010001	1
0110001011110011	1
1110001000000000	1
1110001011000000	1
1110001011100000	1
1110001010111110	1
1110001010100001	1
1110001000010001	1
1110001011010011	1
1110001010001011	1
0001001010000000	1
0001001001100000	1
0001001011100000	1
0001001000010000	1
0001001011010000	1
0001001011110000	1
0001001000001000	1
0001001000010100	1
0001001000000110	1
0001001001010110	1
0001001001110001	1
0001001011101001	1
0001001011000011	1
0001001000100011	1
1001001001110000	1
1001001011010011	1
1001001011011111	1
0101001000000000	1
0101001010000000	1
0101001011010000	1
0101001001010011	1
0101001011010011	1
0101001001111111	1
1101001000000000	1
1101001000100000	1
1101001000010000	1
1101001011000110	1
1101001001010110	1
1101001000000001	1
1101001011011101	1
1101001011000011	1
1101001010011011	1
1101001011011011	1
1101001011110111	1
0011001000000001	1
0011001001000001	1
0011001011111001	1
0011001011110101	1
0011001001010011	1
0011001001110011	1
0011001011011011	1
0011001011000111	1
0011001010010111	1
0011001001010111	1
1011001000010000	1
1011001011111010	1
1011001011111110	1
1011001011010001	1
1011001000010011	1
1011001011010011	1
1011001011110011	1
1011001011011011	1
1011001011100111	1
1011001000010111	1
1011001011010111	1
1011001011110111	1
0111001000010010	1
0111001011110010	1
0111001011010110	1
0111001011111110	1
0111001001111011	1
0111001011010111	1
0111001000110111	1
1111001011010010	1
1111001011110010	1
1111001011101010	1
1111001011010110	1
1111001000011110	1
1111001000100001	1
1111001011110001	1
1111001001100101	1
1111001011010101	1
1111001011111101	1
1111001000000011	1
1111001011000011	1
1111001000010011	1
1111001010010011	1
1111001001010011	1
1111001010110011	1
1111001001110011	1
1111001000111011	1
1111001011100111	1
1111001000010111	1
1111001010110111	1
1111001001110111	1
1111001011101111	1
0000101010010000	1
0000101011110000	1
0000101011011000	1
0000101011000100	1
0000101000100100	1
0000101010100100	1
0000101011100100	1
0000101010010100	1
0000101001110100	1
0000101000011100	1
0000101000111100	1
0000101000010010	1
0000101000010001	1
0000101000101001	1
1000101000000000	1
1000101000010000	1
1000101000010100	1
1000101011010100	1
1000101010010110	1
1000101011111110	1
0100101011110100	1
0100101000001100	1
0100101000001101	1
0100101001010111	1
0100101011110111	1
1100101000000000	1
1100101001110000	1
1100101011110000	1
1100101000000100	1
1100101001000100	1
1100101010011011	1
1100101011000111	1
0010101000010000	1
0010101000100100	1
0010101011010100	1
0010101001110100	1
0010101010110010	1
0010101000010110	1
0010101000010001	1
0010101000000101	1
0010101001000101	1
0010101011110101	1
0010101000110111	1
1010101011110000	1
1010101001100100	1
1010101011010100	1
1010101000010111	1
1010101011011111	1
0110101000100001	1
0110101011000011	1
0110101011001011	1
0110101011010111	1
0110101000110111	1
0110101001110111	1
0110101011011111	1
0110101011111111	1
1110101000000000	1
1110101000000100	1
1110101011110100	1
1110101011100110	1
1110101011011110	1
1110101000010001	1
1110101011000101	1
1110101000010101	1
1110101011010101	1
1110101011110101	1
1110101000010111	1
1110101010011111	1
1110101011111111	1
0001101000000000	1
0001101011100000	1
0001101000010000	1
0001101000100100	1
0001101000010010	1
0001101011110010	1
0001101000000110	1
0001101000010110	1
0001101011110110	1
0001101000001110	1
0001101001110001	1
0001101000000111	1
0001101011110111	1
1001101001010111	1
1001101011110111	1
1001101011111111	1
0101101000010100	1
0101101010011111	1
1101101001000000	1
1101101000000100	1
1101101001100100	1
1101101000010100	1
1101101011110010	1
1101101011000110	1
1101101000010110	1
1101101011010110	1
1101101011010011	1
1101101011110011	1
1101101000000111	1
1101101011000111	1
1101101000010111	1
1101101001111111	1
0011101011010010	1
0011101011111010	1
0011101001010110	1
0011101011111110	1
0011101000010101	1
0011101010010101	1
0011101011010101	1
0011101000110101	1
0011101001000011	1
0011101011010011	1
0011101001110011	1
0011101000011011	1
0011101000111011	1
0011101000000111	1
0011101001100111	1
0011101011100111	1
0011101000010111	1
0011101010010111	1
0011101001110111	1
0011101011111111	1
1011101011101110	1
1011101011011101	1
1011101010100111	1
1011101011100111	1
1011101010010111	1
1011101001010111	1
1011101011101111	1
1011101000011111	1
1011101010011111	1
1011101011111111	1
0111101000000100	1
0111101000000010	1
0111101011110110	1
0111101000101011	1
0111101000100111	1
0111101011010111	1
0111101001101111	1
0111101000011111	1
1111101010110100	1
1111101001110100	1
1111101011111100	1
1111101011110010	1
1111101000000110	1
1111101010000110	1
1111101001010110	1
1111101001110110	1
1111101000000001	1
1111101011010001	1
1111101011101001	1
1111101000001101	1
1111101001100011	1
1111101001010011	1
1111101010110011	1
1111101001110011	1
1111101011101011	1
1111101000100111	1
1111101001010111	1
1111101000001111	1
1111101011101111	1
1111101001011111	1
0000011001000000	1
0000011001100000	1
0000011001010000	1
0000011011010000	1
0000011011110000	1
0000011011001000	1
0000011001101000	1
0000011000111000	1
0000011001111000	1
0000011001010100	1
0000011000011100	1
0000011011111100	1
0000011000011010	1
0000011000111010	1
0000011011111010	1
0000011011011110	1
0000011001111110	1
0000011000001001	1
0000011000011001	1
0000011010011001	1
1000011011010000	1
1000011000001000	1
1000011000000100	1
1000011000001010	1
0100011001110000	1
0100011011100100	1
0100011000001001	1
1100011011001000	1
1100011010011000	1
1100011000001100	1
1100011000100010	1
0010011000100001	1
0010011011010101	1
1010011001111010	1
0110011000011001	1
1110011000001000	1
1110011011110010	1
1110011001101010	1
1110011010011010	1
1110011010111010	1
1110011000001110	1
1110011000011110	1
1110011011111110	1
1110011010001001	1
1110011001011001	1
1110011011011001	1
1110011011111101	1
1110011000010011	1
1110011011101011	1
1110011011111011	1
1110011011000111	1
1110011011010111	1
1110011011110111	1
1110011000001111	1
1110011011001111	1
1110011010011111	1
1110011011011111	1
1110011001111111	1
0001011000001000	1
0001011000101000	1
0001011000011000	1
0001011000010100	1
0001011011111100	1
0001011000101010	1
0001011011011001	1
0001011011111001	1
0001011011111111	1
1001011010001000	1
1001011001101100	1
0101011011101100	1
0101011000001010	1
0101011011010011	1
0101011001111011	1
1101011011011000	1
1101011001100010	1
1101011011110010	1
1101011000011001	1
1101011011110011	1
1101011011101011	1
1101011011010111	1
1101011011001111	1
1101011011101111	1
1101011000011111	1
1101011010011111	1
1101011001111111	1
1101011011111111	1
0011011011011000	1
0011011000010100	1
0011011011110100	1
0011011011110010	1
0011011011001010	1
0011011011001110	1
0011011000111110	1
0011011011001101	1
0011011011101011	1
0011011011000111	1
0011011011100111	1
0011011011001111	1
0011011001101111	1
0011011011011111	1
0011011010111111	1
1011011011111010	1
1011011011011101	1
1011011011110011	1
1011011001001011	1
1011011000011011	1
1011011011111011	1
1011011011010111	1
1011011001011111	1
1011011011111111	1
0111011011101010	1
0111011011011010	1
0111011001111010	1
0111011011001101	1
0111011011100011	1
0111011000011011	1
0111011011111011	1
0111011000100111	1
0111011000101111	1
1111011011010000	1
1111011011100010	1
1111011011010010	1
1111011011101010	1
1111011001011010	1
1111011011011010	1
1111011011110110	1
1111011000011110	1
1111011001011110	1
1111011000111110	1
1111011011110001	1
1111011000001001	1
1111011011101001	1
1111011011011001	1
1111011001111001	1
1111011001111101	1
1111011011111101	1
1111011000000011	1
1111011011100011	1
1111011010010011	1
1111011011110011	1
1111011000001011	1
1111011010001011	1
1111011010101011	1
1111011000111011	1
1111011001111011	1
1111011010010111	1
1111011011110111	1
1111011000001111	1
1111011011001111	1
1111011011101111	1
1111011000011111	1
0000111000100000	1
0000111011110000	1
0000111000001000	1
0000111001001000	1
0000111000100100	1
0000111011010100	1
0000111000101100	1
0000111010011100	1
0000111000111100	1
0000111000000010	1
0000111000010110	1
0000111001001011	1
1000111000011000	1
1000111000001100	1
1000111010001100	1
1000111011001100	1
1000111001010110	1
0100111001001100	1
0100111000011100	1
1100111011110000	1
1100111011111100	1
1100111000011110	1
1100111011011110	1
1100111011101011	1
1100111000010111	1
1100111000011111	1
1100111010111111	1
0010111001100100	1
0010111000010100	1
0010111000001100	1
0010111000011100	1
0010111011011100	1
0010111011111100	1
0010111011101110	1
0010111000011101	1
0010111011011101	1
0010111001001111	1
0010111011001111	1
0010111000101111	1
0010111010011111	1
1010111000000111	1
1010111011010111	1
1010111000011111	1
1010111001111111	1
0110111000011100	1
0110111011011011	1
0110111011111011	1
0110111011000111	1
0110111001010111	1
0110111000011111	1
0110111001011111	1
0110111011011111	1
0110111011111111	1
1110111011001010	1
1110111000011010	1
1110111010001110	1
1110111001101110	1
1110111001011110	1
1110111011111110	1
1110111011010101	1
1110111011111101	1
1110111001110011	1
1110111001001011	1
1110111011101011	1
1110111000011011	1
1110111001111011	1
1110111011000111	1
1110111010010111	1
1110111011010111	1
1110111000110111	1
1110111000011111	1
1110111001111111	1
0001111011011000	1
0001111001111000	1
0001111000000100	1
0001111000001100	1
0001111011001100	1
0001111000011100	1
0001111011011100	1
0001111001111100	1
0001111000011010	1
0001111011000110	1
0001111011010110	1
0001111011001110	1
0001111000011110	1
0001111011111110	1
0001111010111101	1
0001111011110011	1
0001111011101011	1
0001111000011011	1
0001111010011011	1
1001111011011111	1
1001111010111111	1
0101111011111100	1
0101111011011110	1
0101111011100101	1
0101111011111011	1
0101111011001111	1
1101111011011110	1
1101111011101001	1
1101111001110101	1
1101111000001011	1
1101111001001011	1
1101111001011011	1
1101111001111011	1
1101111001001111	1
1101111010101111	1
1101111000011111	1
0011111000011100	1
0011111011101010	1
0011111011110110	1
0011111011101110	1
0011111001011110	1
0011111011011110	1
0011111001111110	1
0011111011111110	1
0011111011110101	1
0011111010001101	1
0011111011001101	1
0011111000111101	1
0011111001000111	1
0011111011000111	1
0011111011100111	1
0011111011010111	1
0011111010001111	1
0011111001011111	1
1011111011110110	1
1011111011111110	1
1011111011111101	1
1011111011110011	1
1011111000011011	1
1011111011000111	1
1011111011100111	1
1011111001110111	1
1011111011001111	1
1011111010111111	1
0111111000010110	1
0111111000011110	1
0111111011111110	1
0111111011110101	1
0111111011011101	1
0111111011100011	1
0111111010011011	1
0111111010111011	1
0111111000100111	1
0111111001100111	1
0111111011100111	1
0111111000010111	1
0111111010110111	1
0111111011110111	1
0111111010001111	1
0111111000011111	1
0111111010011111	1
1111111011011100	1
1111111011111100	1
1111111011110010	1
1111111011111010	1
1111111011000110	1
1111111001100110	1
1111111011010110	1
1111111011110110	1
1111111001011110	1
1111111000010101	1
1111111001110011	1
1111111010001011	1
1111111000011011	1
1111111001011011	1
1111111010111011	1
1111111010000111	1
1111111001101111	1
0000000110110000	1
0000000101110000	1
0000000101001000	1
0000000111001000	1
0000000111101000	1
0000000101000100	1
0000000110100100	1
0000000100010100	1
0000000101110100	1
0000000100001100	1
0000000101001100	1
0000000100000010	1
0000000101100010	1
0000000111100010	1
0000000100101010	1
0000000111100001	1
0000000111010001	1
0000000111110001	1
0000000101101001	1
0000000110000101	1
0000000101000011	1
1000000110000000	1
1000000101100000	1
1000000111110000	1
0100000110000000	1
0100000101100000	1
0100000100000001	1
0100000100100001	1
0100000100101101	1
1100000100010000	1
1100000101010000	1
1100000110110000	1
1100000111110000	1
1100000100001000	1
1100000110001000	1
1100000100100100	1
1100000100000010	1
0010000101000000	1
0010000111100000	1
0010000100000100	1
0010000100100100	1
0010000110100100	1
0010000101100100	1
0010000110110001	1
0010000100000101	1
0010000100101101	1
0010000100000011	1
0010000111100011	1
0010000111110011	1
0010000111110111	1
1010000100000010	1
1010000100100001	1
1010000111010011	1
0110000100000000	1
0110000111110010	1
0110000110000001	1
0110000101000111	1
1110000100100000	1
1110000101100000	1
1110000110000010	1
1110000100000001	1
1110000100100001	1
1110000101100101	1
1110000100000011	1
1110000101101011	1
1110000111101011	1
0001000110000000	1
0001000101000000	1
0001000111100000	1
0001000101110000	1
0001000100001000	1
0001000100101000	1
0001000101000010	1
0001000111000010	1
0001000111110010	1
0001000100000110	1
0001000101100001	1
0001000111111011	1
0001000101100111	1
1001000101100000	1
0101000101001010	1
0101000111110011	1
1101000100000000	1
1101000101000000	1
1101000111100000	1
1101000100110000	1
1101000111000010	1
1101000110111010	1
1101000101100001	1
1101000100001001	1
1101000111100111	1
1101000110110111	1
1101000111111111	1
0011000111000000	1
0011000100100000	1
0011000100010000	1
0011000111101110	1
0011000100101001	1
0011000101101001	1
0011000111101001	1
0011000100000011	1
0011000111000011	1
0011000110100011	1
0011000110110011	1
0011000100000111	1
0011000111100111	1
0011000111110111	1
0011000111011111	1
0011000101111111	1
1011000101001000	1
1011000101100110	1
1011000111001001	1
0111000100000011	1
0111000101000011	1
0111000100100011	1
0111000111100011	1
0111000111101011	1
0111000111100111	1
1111000101010000	1
1111000100000100	1
1111000110100110	1
1111000100000011	1
1111000101000011	1
1111000100100011	1
1111000100110011	1
1111000100000111	1
1111000101000111	1
1111000101100111	1
1111000111100111	1
1111000111010111	1
1111000111101111	1
1111000101111111	1
0000100111000000	1
0000100101010000	1
0000100111110000	1
0000100100010100	1
0000100110010100	1
0000100110101100	1
0000100100011100	1
0000100110000010	1
0000100101100010	1
0000100100110010	1
0000100100001110	1
0000100101101110	1
0000100111000001	1
0000100110000101	1
0000100100100101	1
1000100100000100	1
1000100100100100	1
0100100100000100	1
0100100110000100	1
0100100100110100	1
0100100111100010	1
1100100100000000	1
1100100101100000	1
1100100101001000	1
1100100100000100	1
1100100110000100	1
1100100101000100	1
1100100111000100	1
1100100100100100	1
1100100101100100	1
1100100100110100	1
1100100111100110	1
1100100100001110	1
1100100100000101	1
1100100101100011	1
0010100100000000	1
0010100100100000	1
0010100111101100	1
0010100100000101	1
0010100100000111	1
0010100111100111	1
1010100110100000	1
1010100111101100	1
1010100111110111	1
0110100111110100	1
0110100100010101	1
0110100110000111	1
1110100100000100	1
1110100111100010	1
1110100101100110	1
1110100111100001	1
1110100111100101	1
1110100100100011	1
1110100111110011	1
1110100100000111	1
1110100111100111	1
1110100101001111	1
0001100100000100	1
0001100111000100	1
0001100100100100	1
0001100110100100	1
0001100100110100	1
0001100100001100	1
0001100111111100	1
0001100100000110	1
0001100110000110	1
0001100100100110	1
0001100111110110	1
0001100110101110	1
0001100111111110	1
0001100111110111	1
0001100111101111	1
1001100100010100	1
1001100111110111	1
0101100100000110	1
0101100111110101	1
0101100111100111	1
1101100100100100	1
1101100111100110	1
1101100100000111	1
1101100101000111	1
1101100110100111	1
1101100111110111	1
1101100100101111	1
1101100111101111	1
1101100100011111	1
0011100100000100	1
0011100111100100	1
0011100100100110	1
0011100111100110	1
0011100111000101	1
0011100100100101	1
0011100111101101	1
0011100110101011	1
0011100111101011	1
0011100111111011	1
0011100100000111	1
0011100111000111	1
0011100111100111	1
0011100111001111	1
0011100111101111	1
1011100111101110	1
1011100111100001	1
1011100111110101	1
1011100100100111	1
1011100111100111	1
1011100101001111	1
0111100111111100	1
0111100111100110	1
0111100111101110	1
0111100111011101	1
0111100100100011	1
0111100101001011	1
0111100100000111	1
0111100111100111	1
0111100100110111	1
0111100111110111	1
0111100111111111	1
1111100100000010	1
1111100100000110	1
1111100110100110	1
1111100111100110	1
1111100111111110	1
1111100111000101	1
1111100100100101	1
1111100101100101	1
1111100101100011	1
1111100111110011	1
1111100111101011	1
1111100110000111	1
1111100101000111	1
1111100101010111	1
1111100110110111	1
1111100101110111	1
1111100100001111	1
1111100111001111	1
1111100110101111	1
1111100111011111	1
1111100111111111	1
0000010111100000	1
0000010101011000	1
0000010111011000	1
0000010101111000	1
0000010110010100	1
0000010110001100	1
0000010101101100	1
0000010111101100	1
0000010101011100	1
0000010110000010	1
0000010110001010	1
0000010101101110	1
0000010101100101	1
1000010100101000	1
1000010110101000	1
1000010101101000	1
1000010100001100	1
0100010100000000	1
0100010100001000	1
0100010100101000	1
1100010110100000	1
1100010101100000	1
1100010101001000	1
1100010101101000	1
1100010100001001	1
1100010111010011	1
1100010111110011	1
1100010110011011	1
1100010111101111	1
0010010101000000	1
0010010100010000	1
0010010100001000	1
0010010110000100	1
0010010100111010	1
0010010111101110	1
0010010111111110	1
0010010100100001	1
0010010111100001	1
0010010100010001	1
0010010110001001	1
0010010111111001	1
0010010110101111	1
0010010111011111	1
1010010101100011	1
0110010101101110	1
0110010101111111	1
1110010100001000	1
1110010111101010	1
1110010110111001	1
1110010111001011	1
1110010101101011	1
1110010111101011	1
0001010100000000	1
0001010110100000	1
0001010101101000	1
0001010100000100	1
0001010110001100	1
0001010111101100	1
0001010111111100	1
0001010111000010	1
0001010101100010	1
0001010111100010	1
0001010100101010	1
1001010111110000	1
0101010110000100	1
0101010110110010	1
0101010111001110	1
0101010100101110	1
0101010111111110	1
0101010111111111	1
1101010100001011	1
1101010100101011	1
1101010100100111	1
1101010111001111	1
0011010100100001	1
0011010111100011	1
0011010101001011	1
0011010110101011	1
0011010111101011	1
0011010111111011	1
0011010111110111	1
0011010110101111	1
0011010111101111	1
0011010111011111	1
0011010110111111	1
0011010111111111	1
1011010101101110	1
1011010100111001	1
1011010101001011	1
1011010111111011	1
1011010111111111	1
0111010110111110	1
0111010101101011	1
0111010111101111	1
0111010110111111	1
1111010101011010	1
1111010110001110	1
1111010110101110	1
1111010101101110	1
1111010101000001	1
1111010111100001	1
1111010111101001	1
1111010111101101	1
1111010100100011	1
1111010101110011	1
1111010111110011	1
1111010100111011	1
1111010110100111	1
1111010110110111	1
1111010111001111	1
1111010110101111	1
1111010101111111	1
0000110100100000	1
0000110100001000	1
0000110110001000	1
0000110101001000	1
0000110111001000	1
0000110111101000	1
0000110111111000	1
0000110100010100	1
0000110100011100	1
0000110100000010	1
0000110100101010	1
0000110101101110	1
0000110100111110	1
0000110100001001	1
0000110110001001	1
0000110110110101	1
0000110100101101	1
0000110110101111	1
1000110110001000	1
1000110100000100	1
1000110110000100	1
1000110100000111	1
1000110101110111	1
1000110111111111	1
0100110100110000	1
0100110100000100	1
0100110111100110	1
1100110111100000	1
1100110100101000	1
1100110110000100	1
1100110101000100	1
1100110110101100	1
1100110111100011	1
1100110111100111	1
0010110100000100	1
0010110101000100	1
0010110101101110	1
0010110111111110	1
0010110111100111	1
0010110111101111	1
1010110111101101	1
1010110110101011	1
1010110111100111	1
1010110101101111	1
1010110111101111	1
0110110111000111	1
0110110111110111	1
0110110100001111	1
0110110110111111	1
1110110100101110	1
1110110111111110	1
1110110111101001	1
1110110111110101	1
1110110111111011	1
1110110111100111	1
1110110110111111	1
1110110101111111	1
0001110100000100	1
0001110101001100	1
0001110100101100	1
0001110100101010	1
0001110101000101	1
0001110111101101	1
0001110111100111	1
0001110111110111	1
0001110111001111	1
0001110100101111	1
0001110111101111	1
0001110101011111	1
0001110101111111	1
1001110100101100	1
1001110111111100	1
1001110111101110	1
1001110111111101	1
0101110101100011	1
0101110111001011	1
0101110111111111	1
1101110111101100	1
1101110111101110	1
1101110111100011	1
1101110111101011	1
1101110111111011	1
1101110110100111	1
1101110101100111	1
1101110100010111	1
1101110111110111	1
1101110110101111	1
1101110101011111	1
1101110110111111	1
0011110111111100	1
0011110111101110	1
0011110101101001	1
0011110111101001	1
0011110110101101	1
0011110111100011	1
0011110111110011	1
0011110111001011	1
0011110111101011	1
0011110100100111	1
0011110100001111	1
0011110101001111	1
0011110100111111	1
0011110101111111	1
1011110101101010	1
1011110111101010	1
1011110111101110	1
1011110111001101	1
1011110111101101	1
1011110100111101	1
1011110110101011	1
1011110111100111	1
1011110111001111	1
1011110101011111	1
1011110111011111	1
0111110111111101	1
0111110110101011	1
0111110101111011	1
0111110111111011	1
0111110111000111	1
0111110100001111	1
0111110101001111	1
0111110101101111	1
0111110110011111	1
0111110100111111	1
0111110110111111	1
1111110100101100	1
1111110111111100	1
1111110100111010	1
1111110110110110	1
1111110111001110	1
1111110111011110	1
1111110110111110	1
1111110111111110	1
1111110111100101	1
1111110111110101	1
1111110111001101	1
1111110100101101	1
1111110111000011	1
1111110101100011	1
1111110111110011	1
1111110110001011	1
1111110111001011	1
1111110100101011	1
1111110101101011	1
1111110100100111	1
1111110110100111	1
1111110100010111	1
1111110101010111	1
1111110100001111	1
1111110101001111	1
1111110110011111	1
1111110101011111	1
0000001110100000	1
0000001101101000	1
0000001100111000	1
0000001100010100	1
0000001111011100	1
0000001110100010	1
0000001111010010	1
0000001100110010	1
0000001100000001	1
0000001110110001	1
0000001111110001	1
0000001100101001	1
0000001101110101	1
0000001101100011	1
0000001111100011	1
1000001101110000	1
0100001100010000	1
0100001101110000	1
0100001111010100	1
0100001111110100	1
0100001111110001	1
1100001100100000	1
1100001111100000	1
1100001110010000	1
1100001110110000	1
1100001101110100	1
1100001111111101	1
0010001110000000	1
0010001100100000	1
0010001101110000	1
0010001111110000	1
0010001100000100	1
0010001101010010	1
0010001100100001	1
0010001100110001	1
0010001111100101	1
0010001111100011	1
0010001110010011	1
1010001111100001	1
1010001111111111	1
0110001101110010	1
0110001101010001	1
0110001100110001	1
1110001111110000	1
1110001110110010	1
1110001111111110	1
1110001111010001	1
1110001101100101	1
1110001101100011	1
1110001111100011	1
1110001111010011	1
1110001110110011	1
1110001110111011	1
1110001111110111	1
1110001111111111	1
0001001110100000	1
0001001101010000	1
0001001101110000	1
0001001111010100	1
0001001111000010	1
0001001111100010	1
0001001101110110	1
0001001111110110	1
0001001100000001	1
0001001111111111	1
1001001110110000	1
1001001111110010	1
0101001111110010	1
0101001111110011	1
1101001101010000	1
1101001111110000	1
1101001111111110	1
1101001111000011	1
1101001111010011	1
1101001100110011	1
1101001111110011	1
1101001101100111	1
1101001111100111	1
0011001100100000	1
0011001111000001	1
0011001111110001	1
0011001111100011	1
0011001111010011	1
0011001100110011	1
0011001110110011	1
0011001110111011	1
0011001111111011	1
0011001100110111	1
1011001110100011	1
1011001111111011	1
1011001111100111	1
1011001111010111	1
1011001110110111	1
0111001111110000	1
0111001111000100	1
0111001111010010	1
0111001100111010	1
0111001100110110	1
0111001111111011	1
0111001101000111	1
0111001101110111	1
1111001111100000	1
1111001101010010	1
1111001110110010	1
1111001111111010	1
1111001110100110	1
1111001110110110	1
1111001110010001	1
1111001111110001	1
1111001100110101	1
1111001111110101	1
1111001111111101	1
1111001111000011	1
1111001110100011	1
1111001100000111	1
1111001110000111	1
1111001101000111	1
1111001111000111	1
1111001101100111	1
1111001100010111	1
1111001111011111	1
1111001101111111	1
0000101111000000	1
0000101110100000	1
0000101111100000	1
0000101101010000	1
0000101100001000	1
0000101101111000	1
0000101100000100	1
0000101100100100	1
0000101110100100	1
0000101110010100	1
0000101101110100	1
0000101111101100	1
0000101111110010	1
0000101110110110	1
0000101111000101	1
0000101101100101	1
0000101111110101	1
1000101111110100	1
1000101100101110	1
1000101111110101	1
1100101111100100	1
1100101100010100	1
1100101101010100	1
1100101111111110	1
1100101111110101	1
0010101100100100	1
0010101111010100	1
0010101111110110	1
0010101111110001	1
0010101100110101	1
0010101100100111	1
0010101111111111	1
1010101111110000	1
1010101111100111	1
0110101111100100	1
0110101111110101	1
0110101111100111	1
0110101100010111	1
0110101111010111	1
0110101101101111	1
0110101111101111	1
1110101111100000	1
1110101111000110	1
1110101111110110	1
1110101111111110	1
1110101101100101	1
1110101111101101	1
1110101101111101	1
1110101111110011	1
1110101100111011	1
1110101101111011	1
1110101111111011	1
1110101100000111	1
1110101101100111	1
1110101111100111	1
1110101111010111	1
1110101110110111	1
1110101111011111	1
0001101101110100	1
0001101111110100	1
0001101111100010	1
0001101101101110	1
0001101111110101	1
0001101110111101	1
0001101111110111	1
1001101111010011	1
1001101111010111	1
1001101111111111	1
0101101111110110	1
0101101111111110	1
0101101111111101	1
0101101100100011	1
0101101111100111	1
0101101111111111	1
1101101111110100	1
1101101111110010	1
1101101101100110	1
1101101111100110	1
1101101111010110	1
1101101100110110	1
1101101111110110	1
1101101110110101	1
1101101111100011	1
1101101100110011	1
1101101101111011	1
1101101111010111	1
1101101110110111	1
1101101110101111	1
1101101101111111	1
1101101111111111	1
0011101110110100	1
0011101111110110	1
0011101111110101	1
0011101111111101	1
0011101110110011	1
0011101111110011	1
0011101101101011	1
0011101100000111	1
0011101110100111	1
0011101110101111	1
0011101100111111	1
1011101111000010	1
1011101111101010	1
1011101110110110	1
1011101111010101	1
1011101111110101	1
1011101111010011	1
1011101110000111	1
1011101110100111	1
1011101111100111	1
1011101101111111	1
0111101111001110	1
0111101111101110	1
0111101111110001	1
0111101111100101	1
0111101111110101	1
0111101100000011	1
0111101111110011	1
0111101100000111	1
0111101101010111	1
0111101101110111	1
0111101111111111	1
1111101111100100	1
1111101111110010	1
1111101111100110	1
1111101111010110	1
1111101111111110	1
1111101111100001	1
1111101101110001	1
1111101111110001	1
1111101111111001	1
1111101100000101	1
1111101110000101	1
1111101101100101	1
1111101111100101	1
1111101100110101	1
1111101101110101	1
1111101110111101	1
1111101111111101	1
1111101100110011	1
1111101110110011	1
1111101101110011	1
1111101111011011	1
1111101100000111	1
1111101100100111	1
1111101110100111	1
1111101100010111	1
1111101101010111	1
1111101111001111	1
1111101110011111	1
1111101101111111	1
0000011101000000	1
0000011111000000	1
0000011100100000	1
0000011100001000	1
0000011110101000	1
0000011101101000	1
0000011100011000	1
0000011111011000	1
0000011110111100	1
0000011111111100	1
0000011111110010	1
0000011111100001	1
1000011111011000	1
1000011100101100	1
0100011111111000	1
0100011111111111	1
1100011100000000	1
1100011110110000	1
1100011110111000	1
1100011111101110	1
1100011111111110	1
1100011111111001	1
0010011101011000	1
0010011110111000	1
0010011100111100	1
0010011111111001	1
0010011111011011	1
0010011111111011	1
1010011111101010	1
1010011110011101	1
1010011111111011	1
1010011111110111	1
1010011111111111	1
0110011100100000	1
0110011101110001	1
0110011111111001	1
0110011111110101	1
0110011111110011	1
0110011111101011	1
0110011100001111	1
1110011100111010	1
1110011111010001	1
1110011111110011	1
1110011111101011	1
1110011110011011	1
1110011101110111	1
0001011100000000	1
0001011101010000	1
0001011111110000	1
0001011100101000	1
0001011100111000	1
0001011110111000	1
0001011110101010	1
0001011111101010	1
0001011111111010	1
0001011101001011	1
0001011111111011	1
0001011111111111	1
1001011111111000	1
1001011111111010	1
1001011111011011	1
1001011111111111	1
0101011111110011	1
0101011111011011	1
1101011111110000	1
1101011111011010	1
1101011111101110	1
1101011111111101	1
1101011111110011	1
1101011110001011	1
1101011110101011	1
1101011101111011	1
1101011100101111	1
1101011111101111	1
1101011111011111	1
0011011101001000	1
0011011100111000	1
0011011111100010	1
0011011111101010	1
0011011101111010	1
0011011111111010	1
0011011110111110	1
0011011110111001	1
0011011101011101	1
0011011110100011	1
0011011111101011	1
0011011100111011	1
0011011101111011	1
0011011100100111	1
0011011111001111	1
1011011111101010	1
1011011111101101	1
1011011111010011	1
1011011100111011	1
1011011111110111	1
1011011111001111	1
1011011101111111	1
0111011101111110	1
0111011111111110	1
0111011111111101	1
0111011110110011	1
0111011111110011	1
0111011110101011	1
0111011111101011	1
0111011101111011	1
0111011111001111	1
0111011111101111	1
1111011111101000	1
1111011101101100	1
1111011111000010	1
1111011110110010	1
1111011111110010	1
1111011110101010	1
1111011101011010	1
1111011111111010	1
1111011100101110	1
1111011110011110	1
1111011101111110	1
1111011111110001	1
1111011111101001	1
1111011111110101	1
1111011111011101	1
1111011101111101	1
1111011111111101	1
1111011110100011	1
1111011101010011	1
1111011110110011	1
1111011100101011	1
1111011100100111	1
1111011111010111	1
1111011111001111	1
1111011100101111	1
1111011101011111	1
1111011110111111	1
0000111100000000	1
0000111111100000	1
0000111100110000	1
0000111111110000	1
0000111100101000	1
0000111101101000	1
0000111111011000	1
0000111100111000	1
0000111110111000	1
0000111100010100	1
0000111110110100	1
0000111100001100	1
0000111111101100	1
0000111110011100	1
0000111111011100	1
0000111111100010	1
0000111100111110	1
0000111111101111	1
0000111111111111	1
1000111111111110	1
1000111111111011	1
1000111111111111	1
0100111111111100	1
0100111110111011	1
0100111111111111	1
1100111111100100	1
1100111111101100	1
1100111111011100	1
1100111111111100	1
1100111101011110	1
1100111111111101	1
1100111111011011	1
1100111111111011	1
1100111100110111	1
1100111110111111	1
0010111110001100	1
0010111110111101	1
0010111110110011	1
0010111110111011	1
0010111111111011	1
0010111110010111	1
0010111110110111	1
0010111110011111	1
0010111101011111	1
1010111111110000	1
1010111101011101	1
1010111100111101	1
1010111111111011	1
1010111111110111	1
1010111111101111	1
1010111111011111	1
1010111110111111	1
1010111101111111	1
0110111101101011	1
0110111111010111	1
0110111111110111	1
0110111111001111	1
0110111111101111	1
1110111111110110	1
1110111111001110	1
1110111101101110	1
1110111100111001	1
1110111101111001	1
1110111110100101	1
1110111111100101	1
1110111111010101	1
1110111111110101	1
1110111111001101	1
1110111101111101	1
1110111100011011	1
1110111100100111	1
1110111101100111	1
1110111100001111	1
1110111110001111	1
1110111111001111	1
1110111101101111	1
1110111101011111	1
0001111111111000	1
0001111100101100	1
0001111111111100	1
0001111101101110	1
0001111111101110	1
0001111101111110	1
0001111110110101	1
0001111111111011	1
0001111110101111	1
0001111111011111	1
1001111101111011	1
0101111111101100	1
0101111111011110	1
0101111110111110	1
0101111111111110	1
0101111111110101	1
0101111111100111	1
0101111101101111	1
0101111111101111	1
0101111101111111	1
1101111100001110	1
1101111101011110	1
1101111111011110	1
1101111111100011	1
1101111111111011	1
1101111111010111	1
1101111100110111	1
1101111101001111	1
1101111100101111	1
1101111110011111	1
1101111101111111	1
0011111100111100	1
0011111110110110	1
0011111111110110	1
0011111111001110	1
0011111100101110	1
0011111111011110	1
0011111111111001	1
0011111111110101	1
0011111100101101	1
0011111111111101	1
0011111101110011	1
0011111111110011	1
0011111101011011	1
0011111110111011	1
0011111101111011	1
0011111101000111	1
0011111111000111	1
0011111110110111	1
0011111100001111	1
0011111110001111	1
0011111101001111	1
0011111100101111	1
0011111100111111	1
0011111101111111	1
1011111111110110	1
1011111110101101	1
1011111111011101	1
1011111100111101	1
1011111110111101	1
1011111111110011	1
1011111100111011	1
1011111100110111	1
1011111100101111	1
1011111110101111	1
1011111101011111	1
0111111111001100	1
0111111100110110	1
0111111111110101	1
0111111110101101	1
0111111111101101	1
0111111110111101	1
0111111111100011	1
0111111100101011	1
0111111111011011	1
0111111111000111	1
0111111100100111	1
0111111111100111	1
0111111100110111	1
0111111110110111	1
0111111100001111	1
0111111101001111	1
0111111110101111	1
1111111111110100	1
1111111110101100	1
1111111111111100	1
1111111111011010	1
1111111111111010	1
1111111111100110	1
1111111110110110	1
1111111101110110	1
1111111111110110	1
1111111101101110	1
1111111100011110	1
1111111100111110	1
1111111101111110	1
1111111111101001	1
1111111110101101	1
1111111110011101	1
1111111110111101	1
1111111111100011	1
1111111111010011	1
1111111110001011	1
1111111111101011	1
1111111100011011	1
1111111100100111	1
1111111101100111	1
1111111100010111	1
1111111111010111	1
1111111101110111	1
1111111101001111	1
1111111100101111	1
1111111100011111	1
